
----------------------------------------------------------------------------
          Observed  |   Rel. |    Aki    | Acc. |   Ei           Ek   |Type|
         Wavelength |   Int. |    s^-1   |      |  (eV)         (eV)  |    |
          Air (nm)  |        |           |      |                     |    |
----------------------------------------------------------------------------
                    |        |           |      |                     |    |
           232.594  |    130 |           |      |                     |    |
           233.046  |    240 |           |      |                     |    |
           234.047  |    190 |           |      |                     |    |
           235.261  |     80 |           |      |                     |    |
           235.522  |     80 |           |      |                     |    |
                    |        |           |      |                     |    |
           236.437  |     70 |           |      |                     |    |
           237.227  |    140 |           |      |                     |    |
           238.041  |    100 |           |      |                     |    |
           238.352  |    150 |           |      |                     |    |
           240.586  |    140 |           |      |                     |    |
                    |        |           |      |                     |    |
           240.839  |     40 |           |      |                     |    |
           241.533  |     70 |           |      |                     |    |
           243.043  |     65 |           |      |                     |    |
           247.197  |   150w |           |      |                     |    |
           248.181  |    70w |           |      |                     |    |
                    |        |           |      |                     |    |
           248.531  |    40w |           |      |                     |    |
           254.045  |   110w |           |      |                     |    |
           254.822  |    330 |           |      |                     |    |
           255.085  |   110w |           |      |                     |    |
           256.705  |    250 |           |      |                     |    |
                    |        |           |      |                     |    |
           257.234  |    320 |           |      |                     |    |
           258.216  |    250 |           |      |                     |    |
           259.540  |    100 |           |      |                     |    |
           260.737  |    250 |           |      |                     |    |
           261.120  |    190 |           |      |                     |    |
                    |        |           |      |                     |    |
           261.308  |    290 |           |      |                     |    |
           261.539  |    130 |           |      |                     |    |
           261.678  |    400 | 7.34e+07  |      |                     |    |
           262.107  |    140 | 1.16e+07  |      |                     |    |
           262.755  |    320 |           |      |                     |    |
                    |        |           |      |                     |    |
           262.874  |    160 |           |      |                     |    |
           262.896  |        | 2.81e+07  |      |                     |    |
           262.985  |    440 | 7.75e+07  |      |                     |    |
           263.150  |        | 2.54e+07  |      |                     |    |
           263.830  |    250 | 7.57e+07  |      |                     |    |
                    |        |           |      |                     |    |
           264.099  |    410 | 1.20e+08  |      |                     |    |
           264.436  |        | 1.96e+07  |      |                     |    |
           264.946  |    640 | 9.84e+07  |      |                     |    |
           265.503  |   560w | 4.08e+07  |      |                     |    |
           265.811  |    290 | 6.43e+07  |      |                     |    |
                    |        |           |      |                     |    |
           266.510  |    110 | 1.32e+07  |      |                     |    |
           267.985  |   1000 | 1.31e+08  |      |                     |    |
           268.416  |        | 4.18e+07  |      |                     |    |
           270.103  |    140 |           |      |                     |    |
           270.611  |        | 2.03e+07  |      |                     |    |
                    |        |           |      |                     |    |
           271.074  |        | 1.57e+07  |      |                     |    |
           272.441  |    110 |           |      |                     |    |
           272.515  |    180 | 2.79e+07  |      |                     |    |
           272.871  |        | 1.26e+07  |      |                     |    |
           273.339  |    250 | 2.95e+07  |      |                     |    |
                    |        |           |      |                     |    |
           274.307  |    240 |           |      |                     |    |
           274.371  |        | 2.47e+07  |      |                     |    |
           274.538  |        | 1.29e+07  |      |                     |    |
           275.147  |    320 | 2.54e+07  |      |                     |    |
           275.626  |        | 1.18e+07  |      |                     |    |
                    |        |           |      |                     |    |
           276.153  |    190 | 2.06e+07  |      |                     |    |
           276.302  |        | 4.44e+07  |      |                     |    |
           276.626  |    110 | 1.17e+07  |      |                     |    |
           277.774  |    130 |           |      |                     |    |
           278.783  |    180 | 2.85e+07  |      |                     |    |
                    |        |           |      |                     |    |
           279.296  |        | 1.53e+07  |      |                     |    |
           279.793  |  240bl | 1.22e+07  |      |                     |    |
           280.147  |    220 | 1.24e+07  |      |                     |    |
           282.568  |        | 2.53e+07  |      |                     |    |
           282.654  |    240 |           |      |                     |    |
                    |        |           |      |                     |    |
           282.675  |        | 4.23e+07  |      |                     |    |
           284.439  |    220 |           |      |                     |    |
           284.938  |    160 |           |      |                     |    |
           286.431  |    160 |           |      |                     |    |
           286.466  |    140 |           |      |                     |    |
                    |        |           |      |                     |    |
           287.654  |        | 2.84e+07  |      |                     |    |
           288.660  |        | 4.74e+07  |      |                     |    |
           290.527  |    160 |           |      |                     |    |
           290.606  |        | 8.04e+07  |      |                     |    |
           291.352  |        | 1.38e+07  |      |                     |    |
                    |        |           |      |                     |    |
           291.538  |        | 7.31e+07  |      |                     |    |
           291.884  |        | 3.79e+07  |      |                     |    |
           293.039  |        | 1.91e+07  |      |                     |    |
           293.650  |        | 2.33e+07  |      |                     |    |
           293.766  |    120 |           |      |                     |    |
                    |        |           |      |                     |    |
           294.421  |    140 |           |      |                     |    |
           294.543  |        | 3.66e+07  |      |                     |    |
           294.566  |    140 | 4.08e+07  |      |                     |    |
           294.601  |    190 | 1.68e+07  |      |                     |    |
           294.642  |    140 |           |      |                     |    |
                    |        |           |      |                     |    |
           295.145  |        | 1.43e+07  |      |                     |    |
           295.948  |        | 1.75e+07  |      |                     |    |
           296.289  |    140 |           |      |                     |    |
           297.296  |        | 2.69e+07  |      |                     |    |
           297.727  |        | 3.28e+07  |      |                     |    |
                    |        |           |      |                     |    |
           297.828  |    180 | 1.50e+07  |      |                     |    |
           298.152  |    120 |           |      |                     |    |
           298.304  |        | 2.82e+07  |      |                     |    |
           298.792  |    110 | 8.43e+07  |      |                     |    |
           298.823  |        | 4.28e+07  |      |                     |    |
                    |        |           |      |                     |    |
           298.868  |    160 | 1.61e+07  |      |                     |    |
           298.980  |    190 | 9.27e+07  |      |                     |    |
           300.024  |        | 1.40e+07  |      |                     |    |
           300.044  |        | 1.25e+07  |      |                     |    |
           300.085  |        | 2.58e+07  |      |                     |    |
                    |        |           |      |                     |    |
           300.143  |        | 2.31e+07  |      |                     |    |
           300.221  |    190 |           |      |                     |    |
           300.771  |        | 1.90e+07  |      |                     |    |
           301.339  |    130 | 6.06e+07  |      |                     |    |
           301.376  |   140w |           |      |                     |    |
                    |        |           |      |                     |    |
           301.678  |        | 2.75e+07  |      |                     |    |
           302.500  |    250 | 8.49e+07  |      |                     |    |
           303.631  |    100 | 5.81e+07  |      |                     |    |
           304.170  |    300 | 5.94e+07  |      |                     |    |
           304.680  |    150 | 1.63e+07  |      |                     |    |
                    |        |           |      |                     |    |
           304.731  |    210 | 5.01e+07  |      |                     |    |
           305.532  |    210 | 4.29e+07  |      |                     |    |
           305.756  |        | 2.64e+07  |      |                     |    |
           306.159  |    160 | 4.41e+07  |      |                     |    |
           306.428  |    800 | 8.46e+07  |      |                     |    |
                    |        |           |      |                     |    |
           306.504  |        | 3.08e+07  |      |                     |    |
           306.800  |    100 |           |      |                     |    |
           306.951  |        | 1.52e+07  |      |                     |    |
           306.996  |        | 2.72e+07  |      |                     |    |
           307.090  |    250 | 1.87e+07  |      |                     |    |
                    |        |           |      |                     |    |
           307.437  |    800 | 1.42e+08  |      |                     |    |
           307.988  |    150 | 9.55e+07  |      |                     |    |
           308.041  |    210 | 3.61e+07  |      |                     |    |
           308.116  |        | 2.35e+07  |      |                     |    |
           308.562  |    800 | 1.63e+08  |      |                     |    |
                    |        |           |      |                     |    |
           308.912  |    100 | 1.53e+07  |      |                     |    |
           308.971  |    100 | 2.34e+07  |      |                     |    |
           309.466  |    560 | 1.63e+08  |      |                     |    |
           309.993  |    110 | 1.45e+07  |      |                     |    |
           310.088  |    110 | 1.20e+08  |      |                     |    |
                    |        |           |      |                     |    |
           310.134  |    560 | 1.92e+08  |      |                     |    |
           310.634  |        | 2.21e+07  |      |                     |    |
           311.212  |   1400 |           |      |                     |    |
           311.754  |        | 1.89e+07  |      |                     |    |
           312.303  |        | 2.81e+07  |      |                     |    |
                    |        |           |      |                     |    |
           312.503  |        | 1.98e+07  |      |                     |    |
           313.259  |  14000 | 1.79e+08  |      |                     |    |
           313.590  |        | 3.68e+07  |      |                     |    |
           313.675  |        | 1.57e+07  |      |                     |    |
           314.275  |        | 4.10e+07  |      |                     |    |
                    |        |           |      |                     |    |
           314.735  |    220 | 2.41e+07  |      |                     |    |
           315.519  |        | 2.75e+07  |      |                     |    |
           315.816  |   6000 | 4.63e+07  |      |                     |    |
           316.453  |    120 |           |      |                     |    |
           317.035  |   8700 | 1.37e+08  |      |                     |    |
                    |        |           |      |                     |    |
           317.138  |        | 2.03e+07  |      |                     |    |
           317.559  |        | 8.40e+07  |      |                     |    |
           317.978  |        | 2.33e+07  |      |                     |    |
           318.303  |    370 | 3.98e+07  |      |                     |    |
           318.457  |    120 | 2.77e+07  |      |                     |    |
                    |        |           |      |                     |    |
           318.510  |    370 | 2.54e+07  |      |                     |    |
           318.571  |    180 | 6.10e+07  |      |                     |    |
           318.810  |        | 3.45e+07  |      |                     |    |
           318.841  |        | 4.40e+07  |      |                     |    |
           319.279  |        | 1.88e+07  |      |                     |    |
                    |        |           |      |                     |    |
           319.397  |   7600 | 1.53e+08  |      |                     |    |
           319.488  |        | 1.75e+07  |      |                     |    |
           319.596  |    290 | 4.10e+07  |      |                     |    |
           319.718  |        | 1.47e+07  |      |                     |    |
           319.885  |    120 | 7.22e+07  |      |                     |    |
                    |        |           |      |                     |    |
           320.089  |        | 1.82e+07  |      |                     |    |
           320.522  |    330 | 4.27e+07  |      |                     |    |
           320.543  |        | 2.55e+07  |      |                     |    |
           320.588  |    880 | 5.35e+07  |      |                     |    |
           320.883  |   3000 | 2.77e+07  |      |                     |    |
                    |        |           |      |                     |    |
           321.097  |    240 | 6.94e+07  |      |                     |    |
           321.444  |        | 2.01e+07  |      |                     |    |
           321.507  |    560 | 4.20e+07  |      |                     |    |
           321.678  |        | 2.10e+07  |      |                     |    |
           322.174  |    350 | 1.41e+08  |      |                     |    |
                    |        |           |      |                     |    |
           322.822  |    880 | 3.85e+07  |      |                     |    |
           322.979  |    600 | 1.44e+07  |      |                     |    |
           323.314  |   1100 | 6.33e+07  |      |                     |    |
           323.708  |    950 | 2.95e+07  |      |                     |    |
           324.447  |        | 2.80e+07  |      |                     |    |
                    |        |           |      |                     |    |
           324.761  |        | 1.71e+07  |      |                     |    |
           324.993  |        | 1.87e+07  |      |                     |    |
           325.165  |        | 3.05e+07  |      |                     |    |
           325.621  |    950 | 6.89e+07  |      |                     |    |
           325.672  |        | 1.31e+07  |      |                     |    |
                    |        |           |      |                     |    |
           325.916  |        | 1.62e+07  |      |                     |    |
           326.263  |    300 | 3.62e+07  |      |                     |    |
           326.440  |    480 | 5.42e+07  |      |                     |    |
           326.514  |        | 2.60e+07  |      |                     |    |
           326.616  |        | 1.95e+07  |      |                     |    |
                    |        |           |      |                     |    |
           327.090  |    800 | 3.59e+07  |      |                     |    |
           327.607  |        | 1.18e+07  |      |                     |    |
           328.502  |    240 | 1.41e+07  |      |                     |    |
           328.536  |    320 | 4.49e+07  |      |                     |    |
           328.738  |        | 1.38e+07  |      |                     |    |
                    |        |           |      |                     |    |
           328.902  |   1100 | 5.08e+07  |      |                     |    |
           329.082  |    950 | 5.44e+07  |      |                     |    |
           330.556  |    320 | 1.74e+07  |      |                     |    |
           330.591  |        | 3.06e+07  |      |                     |    |
           330.712  |    320 | 1.25e+07  |      |                     |    |
                    |        |           |      |                     |    |
           331.233  |        | 1.62e+07  |      |                     |    |
           332.395  |    640 | 2.82e+07  |      |                     |    |
           332.513  |        | 2.26e+07  |      |                     |    |
           332.567  |    360 | 1.72e+07  |      |                     |    |
           332.730  |    360 | 2.88e+07  |      |                     |    |
                    |        |           |      |                     |    |
           333.656  |        | 1.64e+07  |      |                     |    |
           334.017  |    240 | 1.20e+07  |      |                     |    |
           334.475  |   1300 | 6.04e+07  |      |                     |    |
           334.683  |        | 1.13e+07  |      |                     |    |
           334.702  |    320 | 2.72e+07  |      |                     |    |
                    |        |           |      |                     |    |
           335.812  |   1600 | 7.59e+07  |      |                     |    |
           336.137  |    250 | 1.38e+07  |      |                     |    |
           336.378  |    950 | 2.74e+07  |      |                     |    |
           336.387  |        | 1.39e+07  |      |                     |    |
           337.381  |        | 2.03e+07  |      |                     |    |
                    |        |           |      |                     |    |
           337.522  |        | 1.38e+07  |      |                     |    |
           337.565  |        | 1.56e+07  |      |                     |    |
           337.819  |        | 1.88e+07  |      |                     |    |
           337.846  |        | 3.75e+07  |      |                     |    |
           337.997  |    950 | 4.11e+07  |      |                     |    |
                    |        |           |      |                     |    |
           338.248  |    320 | 2.66e+07  |      |                     |    |
           338.462  |   1900 | 7.32e+07  |      |                     |    |
           338.587  |        | 3.30e+07  |      |                     |    |
           338.979  |        | 1.85e+07  |      |                     |    |
           339.217  |        | 1.97e+07  |      |                     |    |
                    |        |           |      |                     |    |
           339.365  |        | 2.08e+07  |      |                     |    |
           340.434  |    640 | 2.10e+07  |      |                     |    |
           340.594  |   1300 |           |      |                     |    |
           341.337  |        | 1.25e+07  |      |                     |    |
           341.527  |        | 1.83e+07  |      |                     |    |
                    |        |           |      |                     |    |
           341.561  |        | 1.29e+07  |      |                     |    |
           341.614  |        | 2.45e+07  |      |                     |    |
           341.852  |    240 | 1.41e+07  |      |                     |    |
           341.969  |        | 1.15e+07  |      |                     |    |
           342.004  |    250 | 3.28e+07  |      |                     |    |
                    |        |           |      |                     |    |
           342.231  |    250 | 2.52e+07  |      |                     |    |
           342.513  |        | 2.29e+07  |      |                     |    |
           342.790  |        | 4.09e+07  |      |                     |    |
           343.479  |    380 | 1.75e+07  |      |                     |    |
           343.545  |    320 | 1.50e+08  |      |                     |    |
                    |        |           |      |                     |    |
           343.722  |    640 | 8.06e+07  |      |                     |    |
           343.887  |    250 | 2.34e+07  |      |                     |    |
           344.144  |    250 |           |      |                     |    |
           344.187  |        | 1.34e+07  |      |                     |    |
           344.266  |        | 2.94e+07  |      |                     |    |
                    |        |           |      |                     |    |
           344.326  |    250 |           |      |                     |    |
           344.503  |        | 1.53e+07  |      |                     |    |
           344.526  |        | 2.96e+07  |      |                     |    |
           344.580  |        | 1.14e+07  |      |                     |    |
           344.712  |   3200 | 8.75e+07  |      |                     |    |
                    |        |           |      |                     |    |
           344.729  |        | 1.79e+07  |      |                     |    |
           344.907  |    640 | 1.52e+07  |      |                     |    |
           344.985  |        | 1.65e+07  |      |                     |    |
           345.175  |    300 |           |      |                     |    |
           345.260  |    250 | 2.48e+07  |      |                     |    |
                    |        |           |      |                     |    |
           345.615  |        | 3.60e+07  |      |                     |    |
           345.639  |    950 | 2.96e+07  |      |                     |    |
           346.022  |        | 2.77e+07  |      |                     |    |
           346.078  |    640 | 6.03e+07  |      |                     |    |
           346.584  |        | 9.99e+07  |      |                     |    |
                    |        |           |      |                     |    |
           346.619  |        | 2.11e+07  |      |                     |    |
           346.683  |    320 | 1.52e+07  |      |                     |    |
           346.785  |    250 | 2.63e+07  |      |                     |    |
           346.922  |    320 | 6.96e+07  |      |                     |    |
           346.963  |        | 1.51e+07  |      |                     |    |
                    |        |           |      |                     |    |
           347.092  |        | 2.91e+07  |      |                     |    |
           347.503  |        | 4.68e+07  |      |                     |    |
           347.942  |        | 2.26e+07  |      |                     |    |
           348.367  |        | 1.13e+07  |      |                     |    |
           348.383  |        | 1.41e+07  |      |                     |    |
                    |        |           |      |                     |    |
           348.593  |    240 |           |      |                     |    |
           348.943  |        | 3.27e+07  |      |                     |    |
           350.441  |    800 | 8.06e+07  |      |                     |    |
           350.532  |    240 | 2.25e+07  |      |                     |    |
           350.812  |    560 | 1.59e+07  |      |                     |    |
                    |        |           |      |                     |    |
           351.077  |        | 4.75e+07  |      |                     |    |
           351.755  |        | 5.41e+07  |      |                     |    |
           351.821  |        | 3.64e+07  |      |                     |    |
           352.138  |        | 1.39e+07  |      |                     |    |
           352.141  |    480 | 6.06e+07  |      |                     |    |
                    |        |           |      |                     |    |
           352.465  |        | 3.10e+07  |      |                     |    |
           352.498  |    240 | 2.25e+07  |      |                     |    |
           353.728  |    640 |           |      |                     |    |
           353.892  |        | 2.24e+07  |      |                     |    |
           354.057  |        | 4.46e+07  |      |                     |    |
                    |        |           |      |                     |    |
           354.217  |    320 | 4.93e+07  |      |                     |    |
           355.271  |        | 3.64e+07  |      |                     |    |
           355.564  |        | 3.46e+07  |      |                     |    |
           355.810  |    520 | 5.43e+07  |      |                     |    |
           356.314  |    400 |           |      |                     |    |
                    |        |           |      |                     |    |
           356.375  |        | 1.53e+07  |      |                     |    |
           356.605  |    300 | 2.67e+07  |      |                     |    |
           356.674  |        | 1.43e+07  |      |                     |    |
           357.065  |    240 | 7.18e+07  |      |                     |    |
           357.388  |    320 | 3.58e+07  |      |                     |    |
                    |        |           |      |                     |    |
           358.054  |        | 5.49e+07  |      |                     |    |
           358.189  |   1400 | 3.81e+07  |      |                     |    |
           358.425  |        | 1.73e+07  |      |                     |    |
           358.557  |        | 3.95e+07  |      |                     |    |
           358.895  |        | 1.18e+07  |      |                     |    |
                    |        |           |      |                     |    |
           359.074  |    200 | 2.23e+07  |      |                     |    |
           359.555  |        | 2.32e+07  |      |                     |    |
           359.888  |    210 | 5.67e+07  |      |                     |    |
           360.073  |        | 2.07e+07  |      |                     |    |
           360.188  |        | 1.15e+07  |      |                     |    |
                    |        |           |      |                     |    |
           360.294  |    270 | 2.96e+07  |      |                     |    |
           360.407  |        | 3.25e+07  |      |                     |    |
           360.837  |    210 |           |      |                     |    |
           361.061  |        | 1.78e+07  |      |                     |    |
           361.199  |        | 1.16e+07  |      |                     |    |
                    |        |           |      |                     |    |
           361.516  |        | 1.96e+07  |      |                     |    |
           362.323  |    200 | 5.58e+07  |      |                     |    |
           362.446  |   1400 | 5.27e+07  |      |                     |    |
           362.462  |        | 1.37e+07  |      |                     |    |
           362.618  |    330 |           |      |                     |    |
                    |        |           |      |                     |    |
           363.543  |   1000 |           |      |                     |    |
           363.820  |        | 3.51e+07  |      |                     |    |
           363.821  |        | 3.33e+07  |      |                     |    |
           364.062  |        | 1.94e+07  |      |                     |    |
           364.784  |        | 2.11e+07  |      |                     |    |
                    |        |           |      |                     |    |
           364.870  |        | 1.15e+07  |      |                     |    |
           365.458  |        | 1.80e+07  |      |                     |    |
           365.735  |    400 | 2.03e+07  |      |                     |    |
           365.813  |        | 1.86e+07  |      |                     |    |
           365.936  |        | 6.70e+07  |      |                     |    |
                    |        |           |      |                     |    |
           366.092  |        | 1.34e+07  |      |                     |    |
           366.215  |        | 1.45e+07  |      |                     |    |
           366.299  |        | 3.48e+07  |      |                     |    |
           366.327  |        | 2.30e+07  |      |                     |    |
           366.481  |    540 | 9.54e+07  |      |                     |    |
                    |        |           |      |                     |    |
           366.488  |        | 1.92e+07  |      |                     |    |
           366.672  |    290 |           |      |                     |    |
           366.934  |        | 2.16e+07  |      |                     |    |
           367.281  |        | 1.95e+07  |      |                     |    |
           367.282  |    590 | 1.13e+07  |      |                     |    |
                    |        |           |      |                     |    |
           367.623  |        | 5.22e+07  |      |                     |    |
           368.060  |   1300 | 2.96e+07  |      |                     |    |
           368.172  |        | 1.68e+07  |      |                     |    |
           368.301  |        | 1.20e+07  |      |                     |    |
           368.796  |        | 2.12e+07  |      |                     |    |
                    |        |           |      |                     |    |
           368.897  |        | 3.26e+07  |      |                     |    |
           369.059  |    240 | 2.07e+07  |      |                     |    |
           369.494  |   1400 | 6.36e+07  |      |                     |    |
           369.604  |        | 3.59e+07  |      |                     |    |
           369.807  |        | 1.48e+07  |      |                     |    |
                    |        |           |      |                     |    |
           370.203  |    220 |           |      |                     |    |
           370.855  |        | 1.28e+07  |      |                     |    |
           371.565  |    220 | 2.38e+07  |      |                     |    |
           371.848  |        | 1.34e+07  |      |                     |    |
           371.955  |    200 | 2.24e+07  |      |                     |    |
                    |        |           |      |                     |    |
           372.025  |        | 2.86e+07  |      |                     |    |
           372.555  |        | 1.60e+07  |      |                     |    |
           372.769  |    500 | 1.51e+07  |      |                     |    |
           372.830  |        | 1.55e+07  |      |                     |    |
           372.850  |        | 2.20e+07  |      |                     |    |
                    |        |           |      |                     |    |
           373.271  |  330bl |           |      |                     |    |
           373.302  |        | 1.45e+07  |      |                     |    |
           373.341  |        | 2.80e+07  |      |                     |    |
           373.562  |        | 1.66e+07  |      |                     |    |
           374.228  |    240 | 1.56e+07  |      |                     |    |
                    |        |           |      |                     |    |
           374.719  |        | 3.07e+07  |      |                     |    |
           374.848  |        | 3.95e+07  |      |                     |    |
           375.510  |        | 1.41e+07  |      |                     |    |
           375.516  |        | 2.48e+07  |      |                     |    |
           375.852  |        | 1.22e+07  |      |                     |    |
                    |        |           |      |                     |    |
           375.960  |        | 1.82e+07  |      |                     |    |
           376.088  |        | 2.16e+07  |      |                     |    |
           376.873  |        | 2.88e+07  |      |                     |    |
           376.999  |        | 2.46e+07  |      |                     |    |
           377.045  |    360 |           |      |                     |    |
                    |        |           |      |                     |    |
           377.772  |        | 1.66e+07  |      |                     |    |
           377.977  |    220 |           |      |                     |    |
           378.159  |    360 |           |      |                     |    |
           378.825  |        | 2.87e+07  |      |                     |    |
           379.443  |        | 1.22e+07  |      |                     |    |
                    |        |           |      |                     |    |
           379.730  |    250 | 1.48e+07  |      |                     |    |
           379.825  |  29000 | 6.90e+07  |      |                     |    |
           380.184  |    290 | 3.16e+07  |      |                     |    |
           380.599  |        | 2.44e+07  |      |                     |    |
           381.978  |        | 1.47e+07  |      |                     |    |
                    |        |           |      |                     |    |
           382.478  |        | 1.40e+07  |      |                     |    |
           382.670  |    520 |           |      |                     |    |
           382.715  |        | 1.94e+07  |      |                     |    |
           382.887  |    940 | 1.35e+07  |      |                     |    |
           383.081  |        | 1.83e+07  |      |                     |    |
                    |        |           |      |                     |    |
           383.107  |        | 1.20e+07  |      |                     |    |
           383.211  |        | 3.05e+07  |      |                     |    |
           383.375  |   1700 | 1.70e+07  |      |                     |    |
           383.464  |        | 1.20e+07  |      |                     |    |
           384.618  |        | 1.26e+07  |      |                     |    |
                    |        |           |      |                     |    |
           384.725  |    380 | 2.41e+07  |      |                     |    |
           384.830  |        | 1.26e+07  |      |                     |    |
           385.199  |        | 1.78e+07  |      |                     |    |
           386.411  |  29000 | 6.24e+07  |      |                     |    |
           386.669  |        | 1.74e+07  |      |                     |    |
                    |        |           |      |                     |    |
           386.767  |        | 2.22e+07  |      |                     |    |
           386.908  |    580 | 1.35e+07  |      |                     |    |
           387.415  |        | 1.67e+07  |      |                     |    |
           388.682  |    580 |           |      |                     |    |
           390.177  |    380 |           |      |                     |    |
                    |        |           |      |                     |    |
           390.296  |  19000 | 6.17e+07  |      |                     |    |
           390.954  |        | 1.13e+07  |      |                     |    |
           391.194  |        | 1.15e+07  |      |                     |    |
           391.543  |        | 1.40e+07  |      |                     |    |
           391.643  |        | 1.78e+07  |      |                     |    |
                    |        |           |      |                     |    |
           394.304  |    230 |           |      |                     |    |
           395.548  |        | 1.71e+07  |      |                     |    |
           397.376  |        | 4.39e+07  |      |                     |    |
           397.790  |        | 1.35e+07  |      |                     |    |
           398.020  |        | 2.70e+07  |      |                     |    |
                    |        |           |      |                     |    |
           399.185  |        | 1.29e+07  |      |                     |    |
           401.013  |        | 4.38e+07  |      |                     |    |
           402.101  |        | 2.65e+07  |      |                     |    |
           405.118  |        | 1.36e+07  |      |                     |    |
           405.601  |    270 |           |      |                     |    |
                    |        |           |      |                     |    |
           406.208  |   1400 | 1.96e+07  |      |                     |    |
           406.988  |   2300 | 3.25e+07  |      |                     |    |
           407.619  |        | 1.16e+07  |      |                     |    |
           408.144  |   1300 |           |      |                     |    |
           408.438  |    940 | 1.94e+07  |      |                     |    |
                    |        |           |      |                     |    |
           410.215  |    250 | 1.22e+07  |      |                     |    |
           410.747  |    730 | 2.02e+07  |      |                     |    |
           412.010  |    630 | 6.05e+07  |      |                     |    |
           413.192  |        | 1.56e+07  |      |                     |    |
           414.355  |   2900 |           |      |                     |    |
                    |        |           |      |                     |    |
           414.894  |    230 | 1.56e+07  |      |                     |    |
           415.528  |    250 |           |      |                     |    |
           415.740  |    200 | 2.17e+07  |      |                     |    |
           415.790  |        | 1.60e+07  |      |                     |    |
           417.827  |    200 |           |      |                     |    |
                    |        |           |      |                     |    |
           418.582  |    480 | 3.82e+07  |      |                     |    |
           418.832  |   2500 | 3.32e+07  |      |                     |    |
           419.456  |    250 | 2.70e+07  |      |                     |    |
           423.259  |   1500 | 3.17e+07  |      |                     |    |
           424.083  |        | 1.68e+07  |      |                     |    |
                    |        |           |      |                     |    |
           424.602  |        | 2.00e+07  |      |                     |    |
           425.188  |        | 1.76e+07  |      |                     |    |
           425.495  |        | 2.01e+07  |      |                     |    |
           426.928  |    270 | 1.36e+07  |      |                     |    |
           427.691  |    890 | 2.85e+07  |      |                     |    |
                    |        |           |      |                     |    |
           427.724  |   1200 | 1.35e+07  |      |                     |    |
           428.864  |   1400 |           |      |                     |    |
           429.213  |    680 |           |      |                     |    |
           429.321  |    890 |           |      |                     |    |
           429.388  |    360 |           |      |                     |    |
                    |        |           |      |                     |    |
           431.792  |        | 1.28e+07  |      |                     |    |
           432.580  |        | 1.84e+07  |      |                     |    |
           432.614  |    840 | 2.56e+07  |      |                     |    |
           432.674  |    250 |           |      |                     |    |
           434.074  |        | 1.23e+07  |      |                     |    |
                    |        |           |      |                     |    |
           435.034  |    230 |           |      |                     |    |
           436.904  |    230 |           |      |                     |    |
           438.164  |   1900 | 2.93e+07  |      |                     |    |
           438.241  |        | 3.83e+07  |      |                     |    |
           440.994  |        | 1.38e+07  |      |                     |    |
                    |        |           |      |                     |    |
           441.157  |   2500 | 2.63e+07  |      |                     |    |
           442.362  |    210 |           |      |                     |    |
           443.495  |    990 | 2.51e+07  |      |                     |    |
           444.220  |    200 |           |      |                     |    |
           444.642  |        | 1.90e+07  |      |                     |    |
                    |        |           |      |                     |    |
           444.974  |    340 |           |      |                     |    |
           445.736  |    480 | 1.28e+07  |      |                     |    |
           447.456  |    630 | 2.10e+07  |      |                     |    |
           449.128  |    230 |           |      |                     |    |
           449.165  |        | 2.09e+07  |      |                     |    |
                    |        |           |      |                     |    |
           450.490  |    120 |           |      |                     |    |
           451.215  |    140 |           |      |                     |    |
           451.713  |    230 |           |      |                     |    |
           452.434  |    230 |           |      |                     |    |
           452.940  |    120 |           |      |                     |    |
                    |        |           |      |                     |    |
           453.680  |    400 | 5.03e+07  |      |                     |    |
           455.811  |    110 |           |      |                     |    |
           457.650  |    210 |           |      |                     |    |
           459.516  |    170 |           |      |                     |    |
           459.823  |        | 1.47e+07  |      |                     |    |
                    |        |           |      |                     |    |
           460.988  |    360 |           |      |                     |    |
           462.138  |    100 |           |      |                     |    |
           462.423  |        | 1.32e+07  |      |                     |    |
           462.647  |    460 |           |      |                     |    |
           462.748  |    100 |           |      |                     |    |
                    |        |           |      |                     |    |
           463.308  |        | 2.35e+07  |      |                     |    |
           464.906  |        | 1.25e+07  |      |                     |    |
           465.224  |        | 1.55e+07  |      |                     |    |
           466.276  |    220 |           |      |                     |    |
           467.190  |    130 |           |      |                     |    |
                    |        |           |      |                     |    |
           468.608  |        | 1.72e+07  |      |                     |    |
           468.822  |    130 | 1.54e+07  |      |                     |    |
           470.726  |    640 | 3.63e+07  |      |                     |    |
           470.822  |    150 |           |      |                     |    |
           471.792  |    220 |           |      |                     |    |
                    |        |           |      |                     |    |
           471.886  |        | 2.17e+07  |      |                     |    |
           472.305  |        | 1.23e+07  |      |                     |    |
           472.914  |    100 |           |      |                     |    |
           473.144  |    700 | 4.49e+07  |      |                     |    |
           475.039  |    100 |           |      |                     |    |
                    |        |           |      |                     |    |
           475.850  |        | 3.01e+07  |      |                     |    |
           476.019  |    770 | 4.67e+07  |      |                     |    |
           476.411  |        | 2.16e+07  |      |                     |    |
           477.634  |    150 |           |      |                     |    |
           479.652  |    100 |           |      |                     |    |
                    |        |           |      |                     |    |
           481.105  |        | 4.36e+07  |      |                     |    |
           481.925  |    410 | 2.71e+07  |      |                     |    |
           483.051  |    410 | 4.07e+07  |      |                     |    |
           485.839  |        | 1.24e+07  |      |                     |    |
           486.800  |    360 | 3.11e+07  |      |                     |    |
                    |        |           |      |                     |    |
           495.062  |    110 |           |      |                     |    |
           495.754  |    150 |           |      |                     |    |
           497.912  |    210 |           |      |                     |    |
           499.991  |    110 |           |      |                     |    |
           501.081  |     20 |           |      |                     |    |
                    |        |           |      |                     |    |
           501.460  |    180 |           |      |                     |    |
           501.678  |     26 |           |      |                     |    |
           501.985  |     20 |           |      |                     |    |
           502.900  |     80 |           |      |                     |    |
           503.078  |     65 |           |      |                     |    |
                    |        |           |      |                     |    |
           503.718  |        | 1.14e+07  |      |                     |    |
           503.891  |     23 |           |      |                     |    |
           504.436  |        | 1.31e+07  |      |                     |    |
           504.652  |     26 |           |      |                     |    |
           504.771  |    100 | 2.61e+07  |      |                     |    |
                    |        |           |      |                     |    |
           505.500  |     50 |           |      |                     |    |
           505.807  |     35 |           |      |                     |    |
           505.988  |    200 |           |      |                     |    |
           506.252  |     35 |           |      |                     |    |
           506.464  |     29 |           |      |                     |    |
                    |        |           |      |                     |    |
           507.987  |     35 |           |      |                     |    |
           508.002  |    100 |           |      |                     |    |
           508.126  |     35 |           |      |                     |    |
           509.097  |     40 |           |      |                     |    |
           509.134  |     35 |           |      |                     |    |
                    |        |           |      |                     |    |
           509.216  |     35 |           |      |                     |    |
           509.589  |     40 |           |      |                     |    |
           509.665  |    100 |           |      |                     |    |
           509.752  |    130 |           |      |                     |    |
           509.803  |     35 |           |      |                     |    |
                    |        |           |      |                     |    |
           510.971  |    130 |           |      |                     |    |
           511.497  |     80 |           |      |                     |    |
           511.697  |     35 |           |      |                     |    |
           512.383  |     29 |           |      |                     |    |
           514.538  |    150 |           |      |                     |    |
                    |        |           |      |                     |    |
           514.739  |    110 |           |      |                     |    |
           516.319  |     80 | 2.03e+07  |      |                     |    |
           516.776  |    100 |           |      |                     |    |
           517.108  |  160bl | 1.84e+07  |      |                     |    |
           517.125  |        | 1.84e+07  |      |                     |    |
                    |        |           |      |                     |    |
           517.294  |   230w | 4.11e+07  |      |                     |    |
           517.418  |   160w | 5.83e+07  |      |                     |    |
           519.144  |     40 | 1.62e+07  |      |                     |    |
           520.017  |    110 |           |      |                     |    |
           520.074  |     50 |           |      |                     |    |
                    |        |           |      |                     |    |
           521.044  |     26 |           |      |                     |    |
           521.186  |     50 |           |      |                     |    |
           521.940  |     80 |           |      |                     |    |
           523.106  |     65 |           |      |                     |    |
           523.236  |     26 |           |      |                     |    |
                    |        |           |      |                     |    |
           523.426  |    100 |           |      |                     |    |
           523.820  |   460w | 3.74e+07  |      |                     |    |
           524.088  |   230w | 3.89e+07  |      |                     |    |
           524.281  |   110w | 2.01e+07  |      |                     |    |
           524.551  |    100 |           |      |                     |    |
                    |        |           |      |                     |    |
           525.904  |    150 |           |      |                     |    |
           526.017  |     16 |           |      |                     |    |
           526.114  |     65 |           |      |                     |    |
           526.153  |        | 1.13e+07  |      |                     |    |
           526.895  |     20 |           |      |                     |    |
                    |        |           |      |                     |    |
           527.180  |     35 |           |      |                     |    |
           527.628  |     35 |           |      |                     |    |
           527.965  |     65 |           |      |                     |    |
           528.086  |    210 | 1.28e+07  |      |                     |    |
           528.384  |     20 |           |      |                     |    |
                    |        |           |      |                     |    |
           529.208  |     55 |           |      |                     |    |
           529.346  |     35 |           |      |                     |    |
           529.547  |     55 |           |      |                     |    |
           530.626  |     20 |           |      |                     |    |
           531.389  |     55 |           |      |                     |    |
                    |        |           |      |                     |    |
           531.504  |     35 |           |      |                     |    |
           531.989  |     20 |           |      |                     |    |
           532.447  |     20 |           |      |                     |    |
           532.706  |     35 |           |      |                     |    |
           535.235  |     20 |           |      |                     |    |
                    |        |           |      |                     |    |
           535.488  |     80 |           |      |                     |    |
           535.551  |     35 | 1.21e+07  |      |                     |    |
           535.648  |     65 | 2.11e+07  |      |                     |    |
           536.056  | 560w,l | 6.19e+07  |      |                     |    |
           536.428  | 110w,l | 2.26e+07  |      |                     |    |
                    |        |           |      |                     |    |
           536.711  |  35w,l |           |      |                     |    |
           537.240  |     35 |           |      |                     |    |
           538.869  |     26 |           |      |                     |    |
           539.452  |     65 |           |      |                     |    |
           539.738  |     35 |           |      |                     |    |
                    |        |           |      |                     |    |
           540.047  |     50 |           |      |                     |    |
           540.579  |     35 |           |      |                     |    |
           540.639  |     35 |           |      |                     |    |
           541.738  |     40 |           |      |                     |    |
           542.689  |     23 |           |      |                     |    |
                    |        |           |      |                     |    |
           543.568  |     55 |           |      |                     |    |
           543.775  |     65 |           |      |                     |    |
           545.051  |     40 |           |      |                     |    |
           545.646  |     35 |           |      |                     |    |
           546.053  |     26 | 3.46e+07  |      |                     |    |
                    |        |           |      |                     |    |
           546.557  |     23 |           |      |                     |    |
           547.590  |     35 |           |      |                     |    |
           549.028  |     35 |           |      |                     |    |
           549.217  |     20 |           |      |                     |    |
           549.380  |    26w | 2.13e+07  |      |                     |    |
                    |        |           |      |                     |    |
           549.849  |     26 |           |      |                     |    |
           550.154  |     50 |           |      |                     |    |
           550.187  |     23 |           |      |                     |    |
           550.354  |    26w |           |      |                     |    |
           550.649  |   7800 | 3.61e+07  |      |                     |    |
                    |        |           |      |                     |    |
           552.004  |     23 |           |      |                     |    |
           552.064  |     26 |           |      |                     |    |
           552.652  |     40 |           |      |                     |    |
           552.697  |     40 |           |      |                     |    |
           553.305  |   5200 | 3.72e+07  |      |                     |    |
                    |        |           |      |                     |    |
           553.941  |     40 |           |      |                     |    |
           554.312  |     50 |           |      |                     |    |
           554.449  |     40 |           |      |                     |    |
           555.628  |     55 |           |      |                     |    |
           555.672  |     26 |           |      |                     |    |
                    |        |           |      |                     |    |
           556.405  |     20 |           |      |                     |    |
           556.862  |     40 |           |      |                     |    |
           556.948  |     26 |           |      |                     |    |
           557.045  |   2500 | 3.30e+07  |      |                     |    |
           557.519  |     35 |           |      |                     |    |
                    |        |           |      |                     |    |
           559.158  |     20 |           |      |                     |    |
           560.276  |     40 |           |      |                     |    |
           560.862  |     23 |           |      |                     |    |
           560.923  |     23 |           |      |                     |    |
           561.093  |    100 |           |      |                     |    |
                    |        |           |      |                     |    |
           561.307  |     23 |           |      |                     |    |
           561.845  |     20 |           |      |                     |    |
           561.938  |     23 |           |      |                     |    |
           563.247  |    330 |           |      |                     |    |
           563.486  |     50 |           |      |                     |    |
                    |        |           |      |                     |    |
           565.013  |    230 |           |      |                     |    |
           567.363  |     23 |           |      |                     |    |
           567.447  |     55 |           |      |                     |    |
           567.789  |     40 |           |      |                     |    |
           568.289  |     35 |           |      |                     |    |
                    |        |           |      |                     |    |
           568.914  |    460 |           |      |                     |    |
           569.928  |     23 |           |      |                     |    |
           570.572  |     80 |           |      |                     |    |
           571.180  |     23 |           |      |                     |    |
           572.274  |    210 |           |      |                     |    |
                    |        |           |      |                     |    |
           572.877  |     23 |           |      |                     |    |
           572.945  |   26bl |           |      |                     |    |
           572.959  |        |           |      |                     |    |
           575.140  |    620 |           |      |                     |    |
           577.455  |     23 |           |      |                     |    |
                    |        |           |      |                     |    |
           577.936  |     40 |           |      |                     |    |
           578.333  |    23w |           |      |                     |    |
           579.185  |    520 |           |      |                     |    |
           579.577  |    23w |           |      |                     |    |
           580.046  |     26 |           |      |                     |    |
                    |        |           |      |                     |    |
           580.267  |     35 |           |      |                     |    |
           582.520  |     23 |           |      |                     |    |
           583.559  |     23 |           |      |                     |    |
           583.999  |     20 |           |      |                     |    |
           584.886  |    20w |           |      |                     |    |
                    |        |           |      |                     |    |
           584.973  |    55w | 3.02e+07  |      |                     |    |
           585.152  |    50w | 1.55e+07  |      |                     |    |
           585.827  |    520 |           |      |                     |    |
           586.138  |     20 |           |      |                     |    |
           586.933  |     50 |           |      |                     |    |
                    |        |           |      |                     |    |
           587.659  |     26 |           |      |                     |    |
           588.833  |    820 |           |      |                     |    |
           589.229  |     23 |           |      |                     |    |
           589.338  |    50w | 2.60e+07  |      |                     |    |
           589.593  |        | 3.12e+07  |      |                     |    |
                    |        |           |      |                     |    |
           589.878  |     20 |           |      |                     |    |
           589.882  |        |           |      |                     |    |
           590.147  |     40 |           |      |                     |    |
           592.636  |    40w | 1.63e+07  |      |                     |    |
           592.888  |   160w | 5.32e+07  |      |                     |    |
                    |        |           |      |                     |    |
           598.817  |     40 |           |      |                     |    |
           602.549  |     35 |           |      |                     |    |
           602.727  |     16 |           |      |                     |    |
           603.066  |   1300 |           |      |                     |    |
           604.783  |     20 |           |      |                     |    |
                    |        |           |      |                     |    |
           605.481  |     20 |           |      |                     |    |
           607.958  |     20 |           |      |                     |    |
           608.127  |     10 |           |      |                     |    |
           610.187  |     40 |           |      |                     |    |
           613.063  |     10 |           |      |                     |    |
                    |        |           |      |                     |    |
           619.766  |     10 |           |      |                     |    |
           621.789  |     20 |           |      |                     |    |
           626.427  |     10 |           |      |                     |    |
           626.588  |     16 |           |      |                     |    |
           629.074  |     15 |           |      |                     |    |
                    |        |           |      |                     |    |
           630.175  |     13 |           |      |                     |    |
           632.354  |     11 |           |      |                     |    |
           635.722  |     40 |           |      |                     |    |
           638.911  |     16 |           |      |                     |    |
           639.112  |     11 |           |      |                     |    |
                    |        |           |      |                     |    |
           640.107  |     35 |           |      |                     |    |
           640.911  |     26 |           |      |                     |    |
           641.239  |     10 |           |      |                     |    |
           642.437  |    100 |           |      |                     |    |
           644.634  |     20 |           |      |                     |    |
                    |        |           |      |                     |    |
           647.120  |     20 |           |      |                     |    |
           647.399  |     20 |           |      |                     |    |
           649.313  |     10 |           |      |                     |    |
           651.984  |     23 |           |      |                     |    |
           661.120  |    15w |           |      |                     |    |
                    |        |           |      |                     |    |
           661.913  |    230 |           |      |                     |    |
           662.457  |     10 |           |      |                     |    |
           665.038  |     50 |           |      |                     |    |
           665.968  |     13 |           |      |                     |    |
           669.047  |     18 |           |      |                     |    |
                    |        |           |      |                     |    |
           673.398  |    110 |           |      |                     |    |
           674.608  |     21 |           |      |                     |    |
           674.627  |     50 |           |      |                     |    |
           675.397  |     35 |           |      |                     |    |
           676.350  |     13 |           |      |                     |    |
                    |        |           |      |                     |    |
           679.988  |    10w |           |      |                     |    |
           680.262  |     10 |           |      |                     |    |
           681.203  |     10 |           |      |                     |    |
           682.563  |     13 |           |      |                     |    |
           682.887  |   18bl |           |      |                     |    |
                    |        |           |      |                     |    |
           682.905  |        |           |      |                     |    |
           683.888  |     40 |           |      |                     |    |
           684.892  |     16 |           |      |                     |    |
           688.628  |     21 |           |      |                     |    |
           689.236  |     16 |           |      |                     |    |
                    |        |           |      |                     |    |
           689.801  |     10 |           |      |                     |    |
           689.898  |     10 |           |      |                     |    |
           690.820  |     13 |           |      |                     |    |
           691.401  |     35 |           |      |                     |    |
           693.410  |     13 |           |      |                     |    |
                    |        |           |      |                     |    |
           694.739  |     10 |           |      |                     |    |
           696.064  |     10 |           |      |                     |    |
           697.871  |     16 |           |      |                     |    |
           698.894  |     26 |           |      |                     |    |
           699.913  |     12 |           |      |                     |    |
                    |        |           |      |                     |    |
           700.160  |     16 |           |      |                     |    |
           703.798  |     22 |           |      |                     |    |
           706.021  |     22 |           |      |                     |    |
           706.334  |     13 |           |      |                     |    |
           708.122  |     13 |           |      |                     |    |
                    |        |           |      |                     |    |
           710.987  |    110 |           |      |                     |    |
           713.408  |     27 |           |      |                     |    |
           715.411  |        | 3.45e+07  |      |                     |    |
           724.250  |    150 |           |      |                     |    |
           724.585  |     40 |           |      |                     |    |
                    |        |           |      |                     |    |
           726.762  |     22 |           |      |                     |    |
           730.019  |     17 |           |      |                     |    |
           734.849  |     13 |           |      |                     |    |
           736.165  |     13 |           |      |                     |    |
           736.441  |    10w |           |      |                     |    |
                    |        |           |      |                     |    |
           739.136  |     40 |           |      |                     |    |
           743.410  |     10 |           |      |                     |    |
           744.734  |     13 |           |      |                     |    |
           745.285  |    13w |           |      |                     |    |
           748.574  |    140 |           |      |                     |    |
                    |        |           |      |                     |    |
           750.447  |     13 |           |      |                     |    |
           757.264  |     11 |           |      |                     |    |
           759.516  |    11w |           |      |                     |    |
           760.184  |     11 |           |      |                     |    |
           765.676  |    17w |           |      |                     |    |
                    |        |           |      |                     |    |
           767.949  |     13 |           |      |                     |    |
           772.077  |     27 |           |      |                     |    |
           782.965  |     17 |           |      |                     |    |
           785.445  |     15 |           |      |                     |    |
           792.315  |     11 |           |      |                     |    |
                    |        |           |      |                     |    |
           798.660  |     15 |           |      |                     |    |
           824.506  |    22w |           |      |                     |    |
           832.844  |    40w |           |      |                     |    |
           838.932  |    45w |           |      |                     |    |
           848.339  |    45w |           |      |                     |    |