
---------------------------------------------------------------------------
          Observed  |  Rel. |    Aki    | Acc. |   Ei           Ek   |Type|
         Wavelength |  Int. |    s^-1   |      |  (eV)         (eV)  |    |
          Air (nm)  |       |           |      |                     |    |
---------------------------------------------------------------------------
                    |       |           |      |                     |    |
           200.145  |  9600 |           |      |                     |    |
           200.373  | 13000 |           |      |                     |    |
           201.015  | 17000 |           |      |                     |    |
           201.814  | 29000 |           |      |                     |    |
           202.276  | 14000 |           |      |                     |    |
                    |       |           |      |                     |    |
           202.823  | 14000 |           |      |                     |    |
           203.444  | 18000 |           |      |                     |    |
           204.536  | 26000 |           |      |                     |    |
           205.869  |  8600 |           |      |                     |    |
           205.878  |       |           |      |                     |    |
                    |       |           |      |                     |    |
           206.169  | 13000 |           |      |                     |    |
           207.695  |  7200 |           |      |                     |    |
           207.997  | 14000 |           |      |                     |    |
           208.254  |  2900 |           |      |                     |    |
           208.903  |  2900 |           |      |                     |    |
                    |       |           |      |                     |    |
           208.921  |  2900 |           |      |                     |    |
           209.760  |  6000 |           |      |                     |    |
           210.063  |  5300 |           |      |                     |    |
           211.766  |  2100 |           |      |                     |    |
           211.796  |  4800 |           |      |                     |    |
                    |       |           |      |                     |    |
           212.384  |  1900 |           |      |                     |    |
           213.711  |  5300 |           |      |                     |    |
           215.459  |  2600 |           |      |                     |    |
           215.784  |  1300 |           |      |                     |    |
           215.853  |  1200 |           |      |                     |    |
                    |       |           |      |                     |    |
           216.690  |  3100 |           |      |                     |    |
           216.775  |  1100 |           |      |                     |    |
           217.165  |  2100 |           |      |                     |    |
           218.468  |   960 |           |      |                     |    |
           220.249  |   760 |           |      |                     |    |
                    |       |           |      |                     |    |
           222.798  |   600 |           |      |                     |    |
           223.461  |  1100 |           |      |                     |    |
           225.215  |  1300 |           |      |                     |    |
           226.460  |  1400 |           |      |                     |    |
           226.828  |   360 |           |      |                     |    |
                    |       |           |      |                     |    |
           227.017  |   960 |           |      |                     |    |
           228.367  |   840 |           |      |                     |    |
           228.932  |   570 |           |      |                     |    |
           229.731  |   380 |           |      |                     |    |
           230.831  |   660 |           |      |                     |    |
                    |       |           |      |                     |    |
           232.018  |   550 |           |      |                     |    |
           232.398  |   310 |           |      |                     |    |
           232.424  |   660 |           |      |                     |    |
           232.699  |   330 |           |      |                     |    |
           233.456  |   310 |           |      |                     |    |
                    |       |           |      |                     |    |
           233.863  |   430 |           |      |                     |    |
           234.069  |   290 |           |      |                     |    |
           234.374  |   430 |           |      |                     |    |
           234.575  |   260 |           |      |                     |    |
           234.738  |   430 |           |      |                     |    |
                    |       |           |      |                     |    |
           235.299  |   360 |           |      |                     |    |
           235.692  |   240 |           |      |                     |    |
           235.725  |   240 |           |      |                     |    |
           236.241  |   310 |           |      |                     |    |
           236.277  |   900 |           |      |                     |    |
                    |       |           |      |                     |    |
           236.924  |   290 |           |      |                     |    |
           237.070  |   500 |           |      |                     |    |
           237.118  |   480 |           |      |                     |    |
           237.703  |  2600 |           |      |                     |    |
           237.761  |   260 |           |      |                     |    |
                    |       |           |      |                     |    |
           237.939  |   900 |           |      |                     |    |
           238.462  |   240 |           |      |                     |    |
           238.729  |  1700 |           |      |                     |    |
           239.429  |   330 |           |      |                     |    |
           239.539  |   290 |           |      |                     |    |
                    |       |           |      |                     |    |
           239.588  |  1100 |           |      |                     |    |
           239.678  |   220 |           |      |                     |    |
           240.113  |   960 |           |      |                     |    |
           240.223  |   260 |           |      |                     |    |
           240.354  |   200 |           |      |                     |    |
                    |       |           |      |                     |    |
           240.385  |   330 |           |      |                     |    |
           240.545  |   290 |           |      |                     |    |
           240.596  |   200 |           |      |                     |    |
           240.867  |   360 |           |      |                     |    |
           241.098  |   240 |           |      |                     |    |
                    |       |           |      |                     |    |
           241.452  |   290 |           |      |                     |    |
           241.799  |   530 |           |      |                     |    |
           241.853  |   530 |           |      |                     |    |
           242.456  |   500 |           |      |                     |    |
           242.497  |  1400 |           |      |                     |    |
                    |       |           |      |                     |    |
           242.681  |   240 |           |      |                     |    |
           243.119  |   380 |           |      |                     |    |
           243.161  |   380 |           |      |                     |    |
           244.602  |   360 |           |      |                     |    |
           245.074  |   900 |           |      |                     |    |
                    |       |           |      |                     |    |
           245.173  |   530 |           |      |                     |    |
           245.390  |   530 |           |      |                     |    |
           245.646  |   530 |           |      |                     |    |
           246.142  |  1800 |           |      |                     |    |
           247.228  |   290 |           |      |                     |    |
                    |       |           |      |                     |    |
           247.478  |   290 |           |      |                     |    |
           247.684  |   900 |           |      |                     |    |
           248.243  |   360 |           |      |                     |    |
           248.855  |  4500 |           |      |                     |    |
           249.102  |   290 |           |      |                     |    |
                    |       |           |      |                     |    |
           249.169  |   290 |           |      |                     |    |
           249.242  |   360 |           |      |                     |    |
           249.841  |  2600 |           |      |                     |    |
           249.992  |   330 |           |      |                     |    |
           250.229  |   330 |           |      |                     |    |
                    |       |           |      |                     |    |
           250.439  |   500 |           |      |                     |    |
           250.451  |   260 |           |      |                     |    |
           251.287  |   660 |           |      |                     |    |
           251.325  |  2400 |           |      |                     |    |
           251.504  |   660 |           |      |                     |    |
                    |       |           |      |                     |    |
           251.792  |   500 |           |      |                     |    |
           251.844  |   660 |           |      |                     |    |
           251.929  |   200 |           |      |                     |    |
           251.979  |   330 |           |      |                     |    |
           253.244  |   200 |           |      |                     |    |
                    |       |           |      |                     |    |
           253.810  |   240 |           |      |                     |    |
           254.251  |  1000 |           |      |                     |    |
           255.446  |   310 |           |      |                     |    |
           256.649  |   600 |           |      |                     |    |
           256.688  |   290 |           |      |                     |    |
                    |       |           |      |                     |    |
           256.883  |   480 |           |      |                     |    |
           257.178  |   340 |           |      |                     |    |
           258.105  |   360 |           |      |                     |    |
           258.196  |   740 |           |      |                     |    |
           259.076  |  1000 |           |      |                     |    |
                    |       |           |      |                     |    |
           259.198  |   200 |           |      |                     |    |
           260.920  |   210 |           |      |                     |    |
           260.956  |   380 |           |      |                     |    |
           261.078  |   400 |           |      |                     |    |
           261.263  |   470 |           |      |                     |    |
                    |       |           |      |                     |    |
           261.306  |  1800 |           |      |                     |    |
           261.994  |   800 |           |      |                     |    |
           262.062  |   230 |           |      |                     |    |
           262.182  |   530 |           |      |                     |    |
           262.848  |   380 |           |      |                     |    |
                    |       |           |      |                     |    |
           263.713  |  3800 |           |      |                     |    |
           264.411  |  1900 |           |      |                     |    |
           264.689  |   340 |           |      |                     |    |
           264.773  |   380 |           |      |                     |    |
           264.934  |   380 |           |      |                     |    |
                    |       |           |      |                     |    |
           265.668  |   490 |           |      |                     |    |
           265.860  |  1900 |           |      |                     |    |
           265.983  |   640 |           |      |                     |    |
           266.118  |   380 |           |      |                     |    |
           267.457  |   580 |           |      |                     |    |
                    |       |           |      |                     |    |
           267.488  |   400 |           |      |                     |    |
           268.982  |  2100 |           |      |                     |    |
           269.959  |   510 |           |      |                     |    |
           270.670  |   580 |           |      |                     |    |
           271.464  |  3000 |           |      |                     |    |
                    |       |           |      |                     |    |
           271.536  |   580 |           |      |                     |    |
           272.004  |  1300 |           |      |                     |    |
           272.186  |   850 |           |      |                     |    |
           273.061  |   580 |           |      |                     |    |
           273.280  |   580 |           |      |                     |    |
                    |       |           |      |                     |    |
           276.142  |   690 |           |      |                     |    |
           276.327  |   470 |           |      |                     |    |
           276.504  |   340 |           |      |                     |    |
           277.071  |   960 |           |      |                     |    |
           277.691  |   300 |           |      |                     |    |
                    |       |           |      |                     |    |
           278.255  |   740 |           |      |                     |    |
           278.631  |   640 |           |      |                     |    |
           279.399  |   230 |           |      |                     |    |
           279.419  |   230 |           |      |                     |    |
           279.673  |   530 |           |      |                     |    |
                    |       |           |      |                     |    |
           280.407  |   320 |           |      |                     |    |
           280.691  |  2800 |           |      |                     |    |
           280.894  |   470 |           |      |                     |    |
           281.384  |   420 |           |      |                     |    |
           281.420  |   740 |           |      |                     |    |
                    |       |           |      |                     |    |
           281.578  |   300 |           |      |                     |    |
           282.927  |   420 |           |      |                     |    |
           283.742  |   230 |           |      |                     |    |
           283.817  |   470 |           |      |                     |    |
           283.863  |  5100 |           |      |                     |    |
                    |       |           |      |                     |    |
           284.160  |   740 |           |      |                     |    |
           284.440  |  2300 |           |      |                     |    |
           284.639  |   420 |           |      |                     |    |
           284.825  |   420 |           |      |                     |    |
           285.076  |  1500 |           |      |                     |    |
                    |       |           |      |                     |    |
           286.096  |  1500 |           |      |                     |    |
           287.496  |   360 |           |      |                     |    |
           287.840  |   300 |           |      |                     |    |
           289.606  |   260 |           |      |                     |    |
           290.906  |  9600 |           |      |                     |    |
                    |       |           |      |                     |    |
           291.233  |  2100 |           |      |                     |    |
           291.726  |   530 |           |      |                     |    |
           291.979  |  2100 |           |      |                     |    |
           292.557  |   300 |           |      |                     |    |
           292.951  |   360 |           |      |                     |    |
                    |       |           |      |                     |    |
           293.128  |   510 |           |      |                     |    |
           293.464  |   260 |           |      |                     |    |
           294.285  |   200 |           |      |                     |    |
           294.823  | 1100w |           |      |                     |    |
           294.953  |  1400 |           |      |                     |    |
                    |       |           |      |                     |    |
           294.981  | 210bl |           |      |                     |    |
           296.101  |   300 |           |      |                     |    |
           296.215  |   530 |           |      |                     |    |
           296.406  |   450 |           |      |                     |    |
           297.097  |   740 |           |      |                     |    |
                    |       |           |      |                     |    |
           297.764  |   450 |           |      |                     |    |
           298.290  |   510 |           |      |                     |    |
           299.765  |   260 |           |      |                     |    |
           301.307  |   330 |           |      |                     |    |
           301.725  |   570 |           |      |                     |    |
                    |       |           |      |                     |    |
           301.804  |  4400 |           |      |                     |    |
           301.938  |   480 |           |      |                     |    |
           303.070  |  1100 |           |      |                     |    |
           304.090  |  2900 |           |      |                     |    |
           304.350  |   210 |           |      |                     |    |
                    |       |           |      |                     |    |
           304.946  |   230 |           |      |                     |    |
           305.039  |   210 |           |      |                     |    |
           305.866  |  8600 |           |      |                     |    |
           306.030  |   290 |           |      |                     |    |
           306.219  |   570 |           |      |                     |    |
                    |       |           |      |                     |    |
           306.994  |   210 |           |      |                     |    |
           307.408  |   360 |           |      |                     |    |
           307.496  |   290 |           |      |                     |    |
           307.744  |   290 |           |      |                     |    |
           307.772  |  1100 |           |      |                     |    |
                    |       |           |      |                     |    |
           307.811  |   360 |           |      |                     |    |
           307.838  |   230 |           |      |                     |    |
           309.008  |   230 |           |      |                     |    |
           309.359  |   270 |           |      |                     |    |
           310.153  |   310 |           |      |                     |    |
                    |       |           |      |                     |    |
           310.599  |   360 |           |      |                     |    |
           310.898  |   310 |           |      |                     |    |
           310.938  |   620 |           |      |                     |    |
           311.109  |   250 |           |      |                     |    |
           311.833  |   310 |           |      |                     |    |
                    |       |           |      |                     |    |
           313.112  |   480 |           |      |                     |    |
           315.267  |   250 |           |      |                     |    |
           315.361  |   290 |           |      |                     |    |
           315.625  |  3100 |           |      |                     |    |
           315.678  |   250 |           |      |                     |    |
                    |       |           |      |                     |    |
           316.651  |   310 |           |      |                     |    |
           317.806  |   420 |           |      |                     |    |
           318.188  |   230 |           |      |                     |    |
           318.533  |   230 |           |      |                     |    |
           318.698  |   310 |           |      |                     |    |
                    |       |           |      |                     |    |
           318.946  |   310 |           |      |                     |    |
           319.423  |   310 |           |      |                     |    |
           323.206  |  1900 |           |      |                     |    |
           323.863  |   290 |           |      |                     |    |
           324.104  |   190 |           |      |                     |    |
                    |       |           |      |                     |    |
           324.800  |   120 |           |      |                     |    |
           325.491  |   190 |           |      |                     |    |
           325.692  |   190 |           |      |                     |    |
           326.030  |   190 |           |      |                     |    |
           326.229  |  3100 |           |      |                     |    |
                    |       |           |      |                     |    |
           326.275  |   380 |           |      |                     |    |
           326.794  |  3100 |           |      |                     |    |
           326.921  |   620 |           |      |                     |    |
           327.216  |   190 |           |      |                     |    |
           327.520  |   530 |           |      |                     |    |
                    |       |           |      |                     |    |
           327.797  |   330 |           |      |                     |    |
           328.884  |   190 |           |      |                     |    |
           329.026  |  1200 |           |      |                     |    |
           330.156  |  7600 |           |      |                     |    |
           330.623  |   250 |           |      |                     |    |
                    |       |           |      |                     |    |
           331.091  |   620 |           |      |                     |    |
           331.542  |   120 |           |      |                     |    |
           332.433  |   250 |           |      |                     |    |
           332.742  |   310 |           |      |                     |    |
           333.615  |   960 |           |      |                     |    |
                    |       |           |      |                     |    |
           335.174  |   110 |           |      |                     |    |
           335.797  |   230 |           |      |                     |    |
           336.115  |   250 |           |      |                     |    |
           336.412  |   190 |           |      |                     |    |
           337.020  |   120 |           |      |                     |    |
                    |       |           |      |                     |    |
           337.059  |   960 |           |      |                     |    |
           337.208  |   160 |           |      |                     |    |
           337.868  |   120 |           |      |                     |    |
           338.400  |   310 |           |      |                     |    |
           338.594  |   190 |           |      |                     |    |
                    |       |           |      |                     |    |
           338.784  |   620 |           |      |                     |    |
           340.117  |   120 |           |      |                     |    |
           340.186  |   620 |           |      |                     |    |
           340.251  |   250 |           |      |                     |    |
           340.876  |   120 |           |      |                     |    |
                    |       |           |      |                     |    |
           341.274  |   120 |           |      |                     |    |
           342.169  |   120 |           |      |                     |    |
           342.767  |   150 |           |      |                     |    |
           344.060  |   250 |           |      |                     |    |
           344.446  |   120 |           |      |                     |    |
                    |       |           |      |                     |    |
           344.555  |   160 |           |      |                     |    |
           344.920  |   310 |           |      |                     |    |
           345.838  |   120 |           |      |                     |    |
           346.544  |   120 |           |      |                     |    |
           347.853  |   120 |           |      |                     |    |
                    |       |           |      |                     |    |
           348.211  |   120 |           |      |                     |    |
           348.746  |   120 |           |      |                     |    |
           349.854  |   160 |           |      |                     |    |
           350.116  |   250 |           |      |                     |    |
           350.466  |   620 |           |      |                     |    |
                    |       |           |      |                     |    |
           351.299  |   440 |           |      |                     |    |
           351.872  |   310 |           |      |                     |    |
           352.000  |   120 |           |      |                     |    |
           352.364  |   480 |           |      |                     |    |
           352.604  |   120 |           |      |                     |    |
                    |       |           |      |                     |    |
           352.860  |  1200 |           |      |                     |    |
           353.006  |   230 |           |      |                     |    |
           353.280  |   230 |           |      |                     |    |
           353.341  |   120 |           |      |                     |    |
           354.271  |   230 |           |      |                     |    |
                    |       |           |      |                     |    |
           355.979  |   960 |           |      |                     |    |
           356.086  |  1200 |           |      |                     |    |
           356.234  |   120 |           |      |                     |    |
           356.978  |   310 |           |      |                     |    |
           357.408  |   120 |           |      |                     |    |
                    |       |           |      |                     |    |
           358.732  |   120 |           |      |                     |    |
           359.811  |   620 |           |      |                     |    |
           360.183  |   190 |           |      |                     |    |
           361.657  |   250 |           |      |                     |    |
           361.943  |   120 |           |      |                     |    |
                    |       |           |      |                     |    |
           364.033  |   450 |           |      |                     |    |
           365.449  |   230 |           |      |                     |    |
           365.690  |   330 |           |      |                     |    |
           366.631  |   120 |           |      |                     |    |
           367.089  |   480 |           |      |                     |    |
                    |       |           |      |                     |    |
           367.545  |   120 |           |      |                     |    |
           368.906  |   250 |           |      |                     |    |
           370.325  |   190 |           |      |                     |    |
           370.656  |   120 |           |      |                     |    |
           370.914  |   120 |           |      |                     |    |
                    |       |           |      |                     |    |
           371.373  |   230 |           |      |                     |    |
           371.952  |   210 |           |      |                     |    |
           372.013  |   230 |           |      |                     |    |
           374.647  |   180 |           |      |                     |    |
           375.252  |  3700 |           |      |                     |    |
                    |       |           |      |                     |    |
           375.712  |   100 |           |      |                     |    |
           376.630  |   130 |           |      |                     |    |
           376.814  |   120 |           |      |                     |    |
           377.440  |   120 |           |      |                     |    |
           377.462  |   110 |           |      |                     |    |
                    |       |           |      |                     |    |
           377.625  |   120 |           |      |                     |    |
           377.699  |   290 |           |      |                     |    |
           378.220  |  2100 |           |      |                     |    |
           379.014  |   620 |           |      |                     |    |
           379.073  |   180 |           |      |                     |    |
                    |       |           |      |                     |    |
           379.391  |   370 |           |      |                     |    |
           383.606  |   250 |           |      |                     |    |
           384.030  |   150 |           |      |                     |    |
           384.129  |   150 |           |      |                     |    |
           384.994  |   190 |           |      |                     |    |
                    |       |           |      |                     |    |
           385.709  |   230 |           |      |                     |    |
           386.547  |   230 |           |      |                     |    |
           387.677  |   730 |           |      |                     |    |
           388.186  |   250 |           |      |                     |    |
           390.039  |   140 |           |      |                     |    |
                    |       |           |      |                     |    |
           390.171  |   190 |           |      |                     |    |
           393.000  |   100 |           |      |                     |    |
           393.859  |   250 |           |      |                     |    |
           394.978  |   100 |           |      |                     |    |
           396.102  |   200 |           |      |                     |    |
                    |       |           |      |                     |    |
           396.363  |  1000 |           |      |                     |    |
           396.496  |   100 |           |      |                     |    |
           396.967  |   150 |           |      |                     |    |
           397.544  |  110w |           |      |                     |    |
           397.723  |   730 |           |      |                     |    |
                    |       |           |      |                     |    |
           398.818  |   100 |           |      |                     |    |
           400.348  |   150 |           |      |                     |    |
           400.402  |   100 |           |      |                     |    |
           400.516  |   150 |           |      |                     |    |
           401.826  |   160 |           |      |                     |    |
                    |       |           |      |                     |    |
           403.784  |   100 |           |      |                     |    |
           404.192  |   280 |           |      |                     |    |
           404.805  |   160 |           |      |                     |    |
           406.669  |   960 |           |      |                     |    |
           407.086  |   250 |           |      |                     |    |
                    |       |           |      |                     |    |
           407.156  |   190 |           |      |                     |    |
           407.468  |   230 |           |      |                     |    |
           409.182  |   490 |           |      |                     |    |
           410.030  |   120 |           |      |                     |    |
           411.202  |  1200 |           |      |                     |    |
                    |       |           |      |                     |    |
           412.460  |   180 |           |      |                     |    |
           412.896  |   180 |           |      |                     |    |
           413.578  |  2500 |           |      |                     |    |
           413.784  |   150 |           |      |                     |    |
           417.257  |   180 |           |      |                     |    |
                    |       |           |      |                     |    |
           417.323  |  1200 |           |      |                     |    |
           417.563  |   620 |           |      |                     |    |
           418.413  |   120 |           |      |                     |    |
           418.991  |   320 |           |      |                     |    |
           420.145  |   180 |           |      |                     |    |
                    |       |           |      |                     |    |
           420.206  |   250 |           |      |                     |    |
           421.186  |  1200 |           |      |                     |    |
           421.386  |   120 |           |      |                     |    |
           421.516  |   100 |           |      |                     |    |
           423.346  |   170 |           |      |                     |    |
                    |       |           |      |                     |    |
           426.085  |  4900 |           |      |                     |    |
           426.475  |   100 |           |      |                     |    |
           426.961  |   120 |           |      |                     |    |
           428.590  |   100 |           |      |                     |    |
           429.395  |   560 |           |      |                     |    |
                    |       |           |      |                     |    |
           431.140  |   560 |           |      |                     |    |
           432.625  |   110 |           |      |                     |    |
           432.868  |   340 |           |      |                     |    |
           433.875  |   100 |           |      |                     |    |
           435.153  |   100 |           |      |                     |    |
                    |       |           |      |                     |    |
           436.567  |   210 |           |      |                     |    |
           437.066  |   110 |           |      |                     |    |
           439.486  |   520 |           |      |                     |    |
           439.726  |   160 |           |      |                     |    |
           440.274  |   160 |           |      |                     |    |
                    |       |           |      |                     |    |
           442.047  |  4900 |           |      |                     |    |
           443.241  |   100 |           |      |                     |    |
           443.632  |   290 |           |      |                     |    |
           443.964  |   100 |           |      |                     |    |
           444.735  |   230 |           |      |                     |    |
                    |       |           |      |                     |    |
           448.476  |   120 |           |      |                     |    |
           454.866  |   110 |           |      |                     |    |
           455.041  |   540 |           |      |                     |    |
           455.130  |   140 |           |      |                     |    |
           461.678  |   170 |           |      |                     |    |
                    |       |           |      |                     |    |
           463.183  |   170 |           |      |                     |    |
           466.382  |   140 |           |      |                     |    |
           479.399  |   670 |           |      |                     |    |
           486.560  |   110 |           |      |                     |    |
           503.183  |    55 |           |      |                     |    |
                    |       |           |      |                     |    |
           503.912  |    45 |           |      |                     |    |
           507.288  |    35 |           |      |                     |    |
           507.477  |    35 |           |      |                     |    |
           507.909  |    35 |           |      |                     |    |
           510.350  |    90 |           |      |                     |    |
                    |       |           |      |                     |    |
           511.081  |    55 |           |      |                     |    |
           512.223  |    22 |           |      |                     |    |
           514.554  |    22 |           |      |                     |    |
           514.974  |   140 |           |      |                     |    |
           515.201  |    28 |           |      |                     |    |
                    |       |           |      |                     |    |
           516.898  |    28 |           |      |                     |    |
           519.352  |    40 |           |      |                     |    |
           520.263  |   270 |           |      |                     |    |
           520.323  |    35 |           |      |                     |    |
           525.582  |    45 |           |      |                     |    |
                    |       |           |      |                     |    |
           526.515  |    55 |           |      |                     |    |
           528.389  |    20 |           |      |                     |    |
           529.565  |    20 |           |      |                     |    |
           529.878  |    40 |           |      |                     |    |
           530.258  |    13 |           |      |                     |    |
                    |       |           |      |                     |    |
           533.623  |    18 |           |      |                     |    |
           534.603  |    11 |           |      |                     |    |
           535.225  |    13 |           |      |                     |    |
           537.679  |   110 |           |      |                     |    |
           540.343  |    16 |           |      |                     |    |
                    |       |           |      |                     |    |
           541.214  |    13 |           |      |                     |    |
           541.634  |   120 |           |      |                     |    |
           541.669  |    45 |           |      |                     |    |
           541.751  |    28 |           |      |                     |    |
           544.182  |    16 |           |      |                     |    |
                    |       |           |      |                     |    |
           544.331  |    55 |           |      |                     |    |
           544.693  |    22 |           |      |                     |    |
           544.776  |    11 |           |      |                     |    |
           544.937  |    20 |           |      |                     |    |
           545.340  |    20 |           |      |                     |    |
                    |       |           |      |                     |    |
           545.730  |    22 |           |      |                     |    |
           547.000  |    28 |           |      |                     |    |
           547.458  |    13 |           |      |                     |    |
           547.513  |    13 |           |      |                     |    |
           547.727  |     9 |           |      |                     |    |
                    |       |           |      |                     |    |
           548.185  |    16 |           |      |                     |    |
           550.933  |    22 |           |      |                     |    |
           551.601  |     9 |           |      |                     |    |
           552.353  |   270 |           |      |                     |    |
           554.682  |    22 |           |      |                     |    |
                    |       |           |      |                     |    |
           554.979  |     9 |           |      |                     |    |
           555.288  |    13 |           |      |                     |    |
           556.062  |    11 |           |      |                     |    |
           558.066  |    16 |           |      |                     |    |
           558.444  |    80 |           |      |                     |    |
                    |       |           |      |                     |    |
           560.050  |     8 |           |      |                     |    |
           562.008  |    35 |           |      |                     |    |
           563.741  |     9 |           |      |                     |    |
           564.256  |    22 |           |      |                     |    |
           564.525  |    28 |           |      |                     |    |
                    |       |           |      |                     |    |
           564.898  |     7 |           |      |                     |    |
           566.021  |     9 |           |      |                     |    |
           567.438  |     7 |           |      |                     |    |
           568.088  |    28 |           |      |                     |    |
           570.937  |    11 |           |      |                     |    |
                    |       |           |      |                     |    |
           572.193  |   170 |           |      |                     |    |
           573.789  |     8 |           |      |                     |    |
           573.972  |     8 |           |      |                     |    |
           576.505  |    22 |           |      |                     |    |
           578.082  |   170 |           |      |                     |    |
                    |       |           |      |                     |    |
           580.060  |    40 |           |      |                     |    |
           584.249  |     8 |           |      |                     |    |
           585.776  |   110 |           |      |                     |    |
           586.064  |    28 |           |      |                     |    |
           588.292  |    11 |           |      |                     |    |
                    |       |           |      |                     |    |
           590.398  |    11 |           |      |                     |    |
           590.684  |    11 |           |      |                     |    |
           590.895  |     7 |           |      |                     |    |
           598.136  |     7 |           |      |                     |    |
           598.322  |    11 |           |      |                     |    |
                    |       |           |      |                     |    |
           599.600  |    65 |           |      |                     |    |
           601.579  |    20 |           |      |                     |    |
           605.463  |     7 |           |      |                     |    |
           614.453  |    20 |           |      |                     |    |
           615.803  |    11 |           |      |                     |    |
                    |       |           |      |                     |    |
           622.770  |    35 |           |      |                     |    |
           624.170  |     7 |           |      |                     |    |
           626.941  |    22 |           |      |                     |    |
           627.494  |    11 |           |      |                     |    |
           628.683  |    11 |           |      |                     |    |
                    |       |           |      |                     |    |
           639.886  |     9 |           |      |                     |    |
           640.315  |    22 |           |      |                     |    |
           644.813  |     9 |           |      |                     |    |
           652.085  |     6 |           |      |                     |    |
           652.887  |     7 |           |      |                     |    |
                    |       |           |      |                     |    |
           653.314  |     7 |           |      |                     |    |
           653.830  |    11 |           |      |                     |    |
           657.683  |    11 |           |      |                     |    |
           661.456  |     8 |           |      |                     |    |
           661.543  |     4 |           |      |                     |    |
                    |       |           |      |                     |    |
           666.181  |     7 |           |      |                     |    |
           672.956  |    27 |           |      |                     |    |
           679.153  |    18 |           |      |                     |    |
           680.661  |    14 |           |      |                     |    |
           687.870  |     5 |           |      |                     |    |
                    |       |           |      |                     |    |
           690.158  |     4 |           |      |                     |    |
           695.602  |    11 |           |      |                     |    |
           698.495  |     6 |           |      |                     |    |
           706.067  |    15 |           |      |                     |    |
           714.554  |    22 |           |      |                     |    |
                    |       |           |      |                     |    |
           714.989  |    10 |           |      |                     |    |
           718.410  |     4 |           |      |                     |    |
           720.633  |    10 |           |      |                     |    |
           720.996  |     5 |           |      |                     |    |
           725.116  |     9 |           |      |                     |    |
                    |       |           |      |                     |    |
           725.349  |     6 |           |      |                     |    |
           737.507  |     6 |           |      |                     |    |
           740.795  |     9 |           |      |                     |    |
           760.295  |    26 |           |      |                     |    |
           770.146  |     4 |           |      |                     |    |
                    |       |           |      |                     |    |
           778.996  |     7 |           |      |                     |    |
           785.217  |     7 |           |      |                     |    |
           798.120  |     6 |           |      |                     |    |
           804.129  |     7 |           |      |                     |    |