
-----------------------------------------------------------------------------
          Observed  |    Rel. |    Aki    | Acc. |   Ei           Ek   |Type|
         Wavelength |    Int. |    s^-1   |      |  (eV)         (eV)  |    |
          Air (nm)  |         |           |      |                     |    |
-----------------------------------------------------------------------------
                    |         |           |      |                     |    |
           200.353  |   25000 |           |      |                     |    |
           201.787  |   16000 |           |      |                     |    |
           204.908  |   27000 |           |      |                     |    |
           207.470  |    4200 |           |      |                     |    |
           208.392  |    3700 |           |      |                     |    |
                    |         |           |      |                     |    |
           208.559  |   10000 |           |      |                     |    |
           209.712  |    9800 |           |      |                     |    |
           210.922  |    2700 |           |      |                     |    |
           214.297  |         |           |      |                     |    |
           215.667  |    3700 |           |      |                     |    |
                    |         |           |      |                     |    |
           216.794  |    4900 |           |      |                     |    |
           217.621  |    3400 |           |      |                     |    |
           221.458  |    2200 |           |      |                     |    |
           222.642  |    1700 |           |      |                     |    |
           223.544  |     920 |           |      |                     |    |
                    |         |           |      |                     |    |
           225.573  |     440 |           |      |                     |    |
           225.619  |     860 |           |      |                     |    |
           226.439  |    2000 |           |      |                     |    |
           227.462  |    2100 |           |      |                     |    |
           228.162  |    1600 |           |      |                     |    |
                    |         |           |      |                     |    |
           228.751  |    2900 |           |      |                     |    |
           229.449  |    2700 |           |      |                     |    |
           229.977  |     390 |           |      |                     |    |
           230.299  |     610 |           |      |                     |    |
           230.654  |     680 |           |      |                     |    |
                    |         |           |      |                     |    |
           231.297  |     230 |           |      |                     |    |
           231.334  |     220 |           |      |                     |    |
           231.919  |     220 |           |      |                     |    |
           232.016  |     370 |           |      |                     |    |
           232.249  |     800 |           |      |                     |    |
                    |         |           |      |                     |    |
           232.866  |     300 |           |      |                     |    |
           233.433  |     270 |           |      |                     |    |
           233.573  |     270 |           |      |                     |    |
           233.610  |     220 |           |      |                     |    |
           233.795  |     270 |           |      |                     |    |
                    |         |           |      |                     |    |
           234.478  |     860 |           |      |                     |    |
           234.939  |     230 |           |      |                     |    |
           235.046  |   220bl |           |      |                     |    |
           235.207  |     680 |           |      |                     |    |
           235.395  |   210bl |           |      |                     |    |
                    |         |           |      |                     |    |
           235.650  |     250 |           |      |                     |    |
           236.532  |     200 |           |      |                     |    |
           236.590  |    1200 |           |      |                     |    |
           236.768  |     570 |           |      |                     |    |
           236.927  |     520 |           |      |                     |    |
                    |         |           |      |                     |    |
           237.152  |     210 |           |      |                     |    |
           237.507  |     320 |           |      |                     |    |
           237.977  |     370 |           |      |                     |    |
           238.857  |     340 |           |      |                     |    |
           239.365  |     230 |           |      |                     |    |
                    |         |           |      |                     |    |
           239.437  |     320 |           |      |                     |    |
           239.679  |     320 |           |      |                     |    |
           239.731  |     200 |           |      |                     |    |
           240.072  |   210bl |           |      |                     |    |
           240.089  |         |           |      |                     |    |
                    |         |           |      |                     |    |
           240.168  |     210 |           |      |                     |    |
           240.506  |    1500 |           |      |                     |    |
           240.560  |     740 |           |      |                     |    |
           240.670  |     320 |           |      |                     |    |
           241.037  |     270 |           |      |                     |    |
                    |         |           |      |                     |    |
           241.981  |    1200 |           |      |                     |    |
           242.173  |     300 |           |      |                     |    |
           242.188  |     300 |           |      |                     |    |
           242.858  |    2500 |           |      |                     |    |
           243.154  |     490 |           |      |                     |    |
                    |         |           |      |                     |    |
           243.218  |     420 |           |      |                     |    |
           244.147  |    340c |           |      |                     |    |
           244.251  |     230 |           |      |                     |    |
           244.494  |     250 |           |      |                     |    |
           244.698  |     610 |           |      |                     |    |
                    |         |           |      |                     |    |
           244.971  |     610 |           |      |                     |    |
           246.120  |     390 |           |      |                     |    |
           247.902  |     200 |           |      |                     |    |
           248.392  |    1200 |           |      |                     |    |
           248.581  |     390 |           |      |                     |    |
                    |         |           |      |                     |    |
           248.733  |     980 |           |      |                     |    |
           249.284  |     200 |           |      |                     |    |
           249.604  |     370 |           |      |                     |    |
           249.822  |     200 |           |      |                     |    |
           250.172  |     370 |           |      |                     |    |
                    |         |           |      |                     |    |
           250.594  |     270 |           |      |                     |    |
           250.899  |   1800c |           |      |                     |    |
           252.001  |     570 |           |      |                     |    |
           252.150  |     540 |           |      |                     |    |
           253.480  |     370 |           |      |                     |    |
                    |         |           |      |                     |    |
           254.051  |     570 |           |      |                     |    |
           254.474  |   740bl |           |      |                     |    |
           254.548  |     370 |           |      |                     |    |
           255.202  |     300 |           |      |                     |    |
           255.651  |    1000 |           |      |                     |    |
                    |         |           |      |                     |    |
           255.908  |     250 |           |      |                     |    |
           256.419  |     340 |           |      |                     |    |
           258.679  |     380 |           |      |                     |    |
           259.986  |     290 |           |      |                     |    |
           260.389  |     290 |           |      |                     |    |
                    |         |           |      |                     |    |
           261.154  |   610bl |           |      |                     |    |
           262.276  |     200 |           |      |                     |    |
           263.664  |     550 |           |      |                     |    |
           264.275  |     270 |           |      |                     |    |
           264.905  |     270 |           |      |                     |    |
                    |         |           |      |                     |    |
           265.190  |     660 |           |      |                     |    |
           265.412  |     400 |           |      |                     |    |
           266.363  |     220 |           |      |                     |    |
           267.434  |     940 |           |      |                     |    |
           268.853  |     220 |           |      |                     |    |
                    |         |           |      |                     |    |
           271.547  |    1300 |           |      |                     |    |
           273.221  |     220 |           |      |                     |    |
           275.800  |     220 |           |      |                     |    |
           276.379  |     210 |           |      |                     |    |
           276.639  |     200 |           |      |                     |    |
                    |         |           |      |                     |    |
           276.774  |     310 |           |      |                     |    |
           276.885  |     220 |           |      |                     |    |
           276.932  |     220 |           |      |                     |    |
           277.042  |     350 |           |      |                     |    |
           278.357  |     550 |           |      |                     |    |
                    |         |           |      |                     |    |
           279.129  |     220 |           |      |                     |    |
           281.468  |     220 |           |      |                     |    |
           281.995  |     880 |           |      |                     |    |
           283.408  |     310 |           |      |                     |    |
           283.755  |     200 |           |      |                     |    |
                    |         |           |      |                     |    |
           284.035  |     200 |           |      |                     |    |
           284.300  |     220 |           |      |                     |    |
           285.098  |     270 |           |      |                     |    |
           286.719  |     240 |           |      |                     |    |
           287.528  |     200 |           |      |                     |    |
                    |         |           |      |                     |    |
           288.344  |     200 |           |      |                     |    |
           288.768  |    2900 |           |      |                     |    |
           289.601  |     490 |           |      |                     |    |
           290.248  |    830c |           |      |                     |    |
           290.558  |     210 |           |      |                     |    |
                    |         |           |      |                     |    |
           290.982  |     550 |           |      |                     |    |
           292.742  |    830c |           |      |                     |    |
           293.061  |     270 |           |      |                     |    |
           294.314  |     440 |           |      |                     |    |
           296.227  |     270 |           |      |                     |    |
                    |         |           |      |                     |    |
           296.511  |     720 |           |      |                     |    |
           296.576  |    1500 |           |      |                     |    |
           297.629  |     310 |           |      |                     |    |
           297.815  |     210 |           |      |                     |    |
           298.082  |     220 |           |      |                     |    |
                    |         |           |      |                     |    |
           298.219  |     220 |           |      |                     |    |
           298.847  |     220 |           |      |                     |    |
           299.236  |    1800 |           |      |                     |    |
           299.960  |    5500 |           |      |                     |    |
           300.114  |     350 |           |      |                     |    |
                    |         |           |      |                     |    |
           300.414  |     220 |           |      |                     |    |
           300.642  |     200 |           |      |                     |    |
           301.602  |     500 |           |      |                     |    |
           301.649  |     300 |           |      |                     |    |
           303.045  |     380 |           |      |                     |    |
                    |         |           |      |                     |    |
           304.725  |     240 |           |      |                     |    |
           305.878  |     200 |           |      |                     |    |
           306.740  |    1600 |           |      |                     |    |
           306.994  |     320 |           |      |                     |    |
           307.116  |     260 |           |      |                     |    |
                    |         |           |      |                     |    |
           307.296  |     200 |           |      |                     |    |
           308.243  |     550 |           |      |                     |    |
           308.876  |     340 |           |      |                     |    |
           309.364  |     200 |           |      |                     |    |
           309.506  |     200 |           |      |                     |    |
                    |         |           |      |                     |    |
           310.067  |     700 |           |      |                     |    |
           310.881  |     700 |           |      |                     |    |
           311.086  |     340 |           |      |                     |    |
           311.819  |    340c |           |      |                     |    |
           312.136  |     340 |           |      |                     |    |
                    |         |           |      |                     |    |
           312.894  |     420 |           |      |                     |    |
           313.402  |     260 |           |      |                     |    |
           314.138  |     250 |           |      |                     |    |
           315.164  |     440 |           |      |                     |    |
           315.379  |     330 |           |      |                     |    |
                    |         |           |      |                     |    |
           315.831  |    360c |           |      |                     |    |
           316.452  |     220 |           |      |                     |    |
           316.837  |     700 |           |      |                     |    |
           317.461  |     220 |           |      |                     |    |
           317.771  |     440 |           |      |                     |    |
                    |         |           |      |                     |    |
           317.861  |     260 |           |      |                     |    |
           318.287  |     600 |           |      |                     |    |
           318.476  |    1100 |           |      |                     |    |
           318.557  |    1100 |           |      |                     |    |
           319.078  |     260 |           |      |                     |    |
                    |         |           |      |                     |    |
           319.236  |     260 |           |      |                     |    |
           319.450  |     200 |           |      |                     |    |
           319.858  |     220 |           |      |                     |    |
           320.425  |   1100c |           |      |                     |    |
           323.594  |     380 |           |      |                     |    |
                    |         |           |      |                     |    |
           325.885  |     600 |           |      |                     |    |
           325.955  |     600 |           |      |                     |    |
           326.156  |     200 |           |      |                     |    |
           326.889  |     300 |           |      |                     |    |
           329.483  |     200 |           |      |                     |    |
                    |         |           |      |                     |    |
           329.670  |     280 |           |      |                     |    |
           329.699  |     280 |           |      |                     |    |
           330.160  |     280 |           |      |                     |    |
           330.223  |     240 |           |      |                     |    |
           330.375  |     280 |           |      |                     |    |
                    |         |           |      |                     |    |
           331.395  |     240 |           |      |                     |    |
           332.248  |     600 |           |      |                     |    |
           333.152  |     200 |           |      |                     |    |
           333.818  |    2000 |           |      |                     |    |
           334.224  |    1600 |           |      |                     |    |
                    |         |           |      |                     |    |
           334.432  |     810 |           |      |                     |    |
           334.620  |     320 |           |      |                     |    |
           335.633  |   240bl |           |      |                     |    |
           335.802  |     200 |           |      |                     |    |
           336.274  |     200 |           |      |                     |    |
                    |         |           |      |                     |    |
           337.774  |     240 |           |      |                     |    |
           337.970  |     320 |           |      |                     |    |
           338.576  |     200 |           |      |                     |    |
           338.943  |     240 |           |      |                     |    |
           339.025  |     200 |           |      |                     |    |
                    |         |           |      |                     |    |
           339.930  |    4000 |           |      |                     |    |
           340.472  |     650 |           |      |                     |    |
           340.589  |     650 |           |      |                     |    |
           340.867  |     240 |           |      |                     |    |
           340.983  |     320 |           |      |                     |    |
                    |         |           |      |                     |    |
           341.777  |     320 |           |      |                     |    |
           341.941  |     810 |           |      |                     |    |
           342.462  |    8000 |           |      |                     |    |
           342.619  |     400 |           |      |                     |    |
           342.761  |     300 |           |      |                     |    |
                    |         |           |      |                     |    |
           343.771  |     320 |           |      |                     |    |
           344.937  |     400 |           |      |                     |    |
           345.188  |  16000c |           |      |                     |    |
           345.350  |     240 |           |      |                     |    |
           346.046  |  55000c |           |      |                     |    |
                    |         |           |      |                     |    |
           346.473  |  40000c |           |      |                     |    |
           346.796  |     400 |           |      |                     |    |
           347.644  |     240 |           |      |                     |    |
           348.038  |     400 |           |      |                     |    |
           348.085  |     320 |           |      |                     |    |
                    |         |           |      |                     |    |
           348.223  |     240 |           |      |                     |    |
           350.306  |     560 |           |      |                     |    |
           351.228  |    100c |           |      |                     |    |
           351.665  |     320 |           |      |                     |    |
           351.733  |     320 |           |      |                     |    |
                    |         |           |      |                     |    |
           353.482  |     120 |           |      |                     |    |
           353.746  |     320 |           |      |                     |    |
           353.933  |     160 |           |      |                     |    |
           354.989  |     240 |           |      |                     |    |
           355.129  |     160 |           |      |                     |    |
                    |         |           |      |                     |    |
           355.365  |     160 |           |      |                     |    |
           355.894  |     160 |           |      |                     |    |
           356.823  |     160 |           |      |                     |    |
           357.026  |     240 |           |      |                     |    |
           357.912  |     360 |           |      |                     |    |
                    |         |           |      |                     |    |
           358.097  |     650 |           |      |                     |    |
           358.302  |     810 |           |      |                     |    |
           359.639  |     160 |           |      |                     |    |
           361.049  |     160 |           |      |                     |    |
           361.708  |     320 |           |      |                     |    |
                    |         |           |      |                     |    |
           362.146  |     160 |           |      |                     |    |
           362.591  |     160 |           |      |                     |    |
           363.706  |     140 |           |      |                     |    |
           363.784  |     810 |           |      |                     |    |
           365.197  |     440 |           |      |                     |    |
                    |         |           |      |                     |    |
           366.978  |     120 |           |      |                     |    |
           367.053  |     320 |           |      |                     |    |
           368.950  |    860c |           |      |                     |    |
           369.148  |   1500c |           |      |                     |    |
           369.771  |     100 |           |      |                     |    |
                    |         |           |      |                     |    |
           370.324  |     520 |           |      |                     |    |
           370.502  |     100 |           |      |                     |    |
           370.993  |     240 |           |      |                     |    |
           371.728  |    360c |           |      |                     |    |
           372.576  |    4000 |           |      |                     |    |
                    |         |           |      |                     |    |
           373.187  |     140 |           |      |                     |    |
           373.228  |     140 |           |      |                     |    |
           373.501  |    240c |           |      |                     |    |
           373.531  |     810 |           |      |                     |    |
           374.010  |     910 |           |      |                     |    |
                    |         |           |      |                     |    |
           374.041  |     140 |           |      |                     |    |
           374.544  |  300c,w |           |      |                     |    |
           376.648  |     140 |           |      |                     |    |
           376.826  |     120 |           |      |                     |    |
           377.766  |     140 |           |      |                     |    |
                    |         |           |      |                     |    |
           378.752  |     700 |           |      |                     |    |
           379.659  |     160 |           |      |                     |    |
           379.759  |     160 |           |      |                     |    |
           380.774  |     190 |           |      |                     |    |
           381.566  |     120 |           |      |                     |    |
                    |         |           |      |                     |    |
           383.630  |     120 |           |      |                     |    |
           386.994  |     240 |           |      |                     |    |
           387.526  |     240 |           |      |                     |    |
           387.686  |     240 |           |      |                     |    |
           390.821  |     100 |           |      |                     |    |
                    |         |           |      |                     |    |
           391.392  |     130 |           |      |                     |    |
           391.727  |    380c |           |      |                     |    |
           392.985  |     550 |           |      |                     |    |
           393.690  |     140 |           |      |                     |    |
           394.472  |     110 |           |      |                     |    |
                    |         |           |      |                     |    |
           394.591  |     180 |           |      |                     |    |
           396.104  |     280 |           |      |                     |    |
           396.248  |    350c |           |      |                     |    |
           400.493  |     100 |           |      |                     |    |
           402.296  |     140 |           |      |                     |    |
                    |         |           |      |                     |    |
           402.331  |     100 |           |      |                     |    |
           402.963  |    110c |           |      |                     |    |
           403.331  |     220 |           |      |                     |    |
           403.749  |     110 |           |      |                     |    |
           404.899  |     200 |           |      |                     |    |
                    |         |           |      |                     |    |
           408.143  |     240 |           |      |                     |    |
           410.442  |     140 |           |      |                     |    |
           411.089  |    240c |           |      |                     |    |
           412.164  |     190 |           |      |                     |    |
           413.342  |  240c,w |           |      |                     |    |
                    |         |           |      |                     |    |
           413.645  |    1800 |           |      |                     |    |
           414.436  |     700 |           |      |                     |    |
           414.996  |     140 |           |      |                     |    |
           417.040  |     160 |           |      |                     |    |
           418.290  |     220 |           |      |                     |    |
                    |         |           |      |                     |    |
           418.306  |     220 |           |      |                     |    |
           422.108  |     650 |           |      |                     |    |
           422.746  |   3600c |           |      |                     |    |
           424.139  |     150 |           |      |                     |    |
           425.760  |    260c |           |      |                     |    |
                    |         |           |      |                     |    |
           429.117  |    120c |           |      |                     |    |
           430.440  |     200 |           |      |                     |    |
           433.225  |     200 |           |      |                     |    |
           435.869  |     380 |           |      |                     |    |
           436.758  |     190 |           |      |                     |    |
                    |         |           |      |                     |    |
           439.134  |     140 |           |      |                     |    |
           439.438  |  360c,w |           |      |                     |    |
           440.640  |  110c,w |           |      |                     |    |
           441.582  |     180 |           |      |                     |    |
           447.508  |     150 |           |      |                     |    |
                    |         |           |      |                     |    |
           447.839  |     120 |           |      |                     |    |
           450.704  |    120c |           |      |                     |    |
           451.331  |    2600 |           |      |                     |    |
           451.664  |     260 |           |      |                     |    |
           452.273  |     500 |           |      |                     |    |
                    |         |           |      |                     |    |
           452.388  |     120 |           |      |                     |    |
           452.995  |     120 |           |      |                     |    |
           454.517  |     100 |           |      |                     |    |
           458.068  |     120 |           |      |                     |    |
           460.573  |     120 |           |      |                     |    |
                    |         |           |      |                     |    |
           462.138  |     100 |           |      |                     |    |
           479.142  |    190c |           |      |                     |    |
           488.914  | 2200c,w |           |      |                     |    |
           492.390  |     220 |           |      |                     |    |
           505.856  |      40 |           |      |                     |    |
                    |         |           |      |                     |    |
           509.650  |      70 |           |      |                     |    |
           512.032  |      20 |           |      |                     |    |
           516.165  |      25 |           |      |                     |    |
           517.889  |     40c |           |      |                     |    |
           518.174  |      20 |           |      |                     |    |
                    |         |           |      |                     |    |
           523.431  |      35 |           |      |                     |    |
           524.886  |      50 |           |      |                     |    |
           527.095  |    1300 |           |      |                     |    |
           527.556  | 1600c,w |           |      |                     |    |
           527.824  |     100 |           |      |                     |    |
                    |         |           |      |                     |    |
           530.556  |      30 |           |      |                     |    |
           531.728  |      20 |           |      |                     |    |
           532.128  |      35 |           |      |                     |    |
           532.746  |      50 |           |      |                     |    |
           533.190  |      20 |           |      |                     |    |
                    |         |           |      |                     |    |
           533.276  |      20 |           |      |                     |    |
           533.385  |      20 |           |      |                     |    |
           536.948  |      35 |           |      |                     |    |
           536.980  |     50c |           |      |                     |    |
           537.710  |    100c |           |      |                     |    |
                    |         |           |      |                     |    |
           543.190  |      25 |           |      |                     |    |
           543.703  |      14 |           |      |                     |    |
           544.792  |      14 |           |      |                     |    |
           546.064  |      25 |           |      |                     |    |
           552.005  |     14w |           |      |                     |    |
                    |         |           |      |                     |    |
           552.110  |      25 |           |      |                     |    |
           553.268  |     50c |           |      |                     |    |
           556.324  |     50c |           |      |                     |    |
           557.347  |      25 |           |      |                     |    |
           558.472  |      25 |           |      |                     |    |
                    |         |           |      |                     |    |
           560.721  |     10w |           |      |                     |    |
           561.227  |     12w |           |      |                     |    |
           566.788  |     100 |           |      |                     |    |
           571.143  |      25 |           |      |                     |    |
           571.695  |      18 |           |      |                     |    |
                    |         |           |      |                     |    |
           575.293  |    110c |           |      |                     |    |
           577.683  |  110c,w |           |      |                     |    |
           579.160  |      18 |           |      |                     |    |
           581.592  |     10c |           |      |                     |    |
           583.431  |     550 |           |      |                     |    |
                    |         |           |      |                     |    |
           591.986  |      10 |           |      |                     |    |
           594.324  |      60 |           |      |                     |    |
           595.021  |      10 |           |      |                     |    |
           596.977  |     18w |           |      |                     |    |
           598.999  |      10 |           |      |                     |    |
                    |         |           |      |                     |    |
           599.573  |     18w |           |      |                     |    |
           611.422  |      30 |           |      |                     |    |
           614.581  |     35c |           |      |                     |    |
           614.682  |      50 |           |      |                     |    |
           620.324  |      18 |           |      |                     |    |
                    |         |           |      |                     |    |
           621.797  |      25 |           |      |                     |    |
           622.942  |   30c,w |           |      |                     |    |
           624.324  |   35c,w |           |      |                     |    |
           626.002  |    35bl |           |      |                     |    |
           626.024  |         |           |      |                     |    |
                    |         |           |      |                     |    |
           627.137  |     18c |           |      |                     |    |
           627.876  |      18 |           |      |                     |    |
           628.641  |      10 |           |      |                     |    |
           630.342  |      10 |           |      |                     |    |
           630.770  |     200 |           |      |                     |    |
                    |         |           |      |                     |    |
           632.190  |     200 |           |      |                     |    |
           635.075  |    80bl |           |      |                     |    |
           638.294  |     16w |           |      |                     |    |
           641.147  |      14 |           |      |                     |    |
           651.147  |      50 |           |      |                     |    |
                    |         |           |      |                     |    |
           651.525  |      14 |           |      |                     |    |
           654.491  |      12 |           |      |                     |    |
           657.711  |     35c |           |      |                     |    |
           659.252  |   40c,w |           |      |                     |    |
           660.519  |  100c,w |           |      |                     |    |
                    |         |           |      |                     |    |
           662.391  |     30c |           |      |                     |    |
           663.725  |     10c |           |      |                     |    |
           665.239  |   27c,w |           |      |                     |    |
           668.328  |     15w |           |      |                     |    |
           671.130  |      9c |           |      |                     |    |
                    |         |           |      |                     |    |
           675.122  |      30 |           |      |                     |    |
           676.119  |      5c |           |      |                     |    |
           681.341  |    180c |           |      |                     |    |
           682.990  |     260 |           |      |                     |    |
           697.153  |      85 |           |      |                     |    |
                    |         |           |      |                     |    |
           700.663  |   35c,w |           |      |                     |    |
           702.415  |   65c,w |           |      |                     |    |
           724.667  |   65c,w |           |      |                     |    |
           729.272  |   13c,w |           |      |                     |    |
           757.873  |   40c,w |           |      |                     |    |
                    |         |           |      |                     |    |
           761.189  |      13 |           |      |                     |    |
           762.025  |    7c,w |           |      |                     |    |
           764.094  |   50c,w |           |      |                     |    |
           791.294  |   65c,w |           |      |                     |    |
           798.077  |   35c,w |           |      |                     |    |
                    |         |           |      |                     |    |
           841.713  |      40 |           |      |                     |    |
           852.773  |   29c,w |           |      |                     |    |