
-----------------------------------------------------------------------------------------------------------------------------------
           Observed  |   Rel. |    Aki    | Acc. |        Ei           Ek         |  Lower level   |       Upper level       |Type|
          Wavelength |   Int. |    s^-1   |      |       (eV)         (eV)        |----------------|-------------------------|    |
           Air (nm)  |        |           |      |                                | Conf.   | Term | Conf.          | Term   |    |
-----------------------------------------------------------------------------------------------------------------------------------
                     |        |           |      |                                |         |      |                |        |    |
           227.985   |    200 |           |      |                                |         |      |                |        |    |
           235.730   |    250 |           |      |                                |         |      |                |        |    |
           236.109   |    260 |           |      |                                |         |      |                |        |    |
           237.158   |    320 |           |      |                                |         |      |                |        |    |
           237.591   |     70 |           |      |                                |         |      |                |        |    |
                     |        |           |      |                                |         |      |                |        |    |
           238.573   |    130 |           |      |                                |         |      |                |        |    |
           239.630   |     70 |           |      |                                |         |      |                |        |    |
           239.915   |    110 |           |      |                                |         |      |                |        |    |
           240.655   |    130 |           |      |                                |         |      |                |        |    |
           241.432   |    120 |           |      |                                |         |      |                |        |    |
                     |        |           |      |                                |         |      |                |        |    |
           242.103   |    140 |           |      |                                |         |      |                |        |    |
           242.764   |    360 |           |      |                                |         |      |                |        |    |
           243.707   |    110 |           |      |                                |         |      |                |        |    |
           243.991   |    200 |           |      |                                |         |      |                |        |    |
           244.239   |    130 |           |      |                                |         |      |                |        |    |
                     |        |           |      |                                |         |      |                |        |    |
           244.717   |    100 |           |      |                                |         |      |                |        |    |
           245.448   |    100 |           |      |                                |         |      |                |        |    |
           245.868   |    100 |           |      |                                |         |      |                |        |    |
           246.055   |    100 |           |      |                                |         |      |                |        |    |
           247.138   |    120 |           |      |                                |         |      |                |        |    |
                     |        |           |      |                                |         |      |                |        |    |
           247.213   |    120 |           |      |                                |         |      |                |        |    |
           247.313   |    150 |           |      |                                |         |      |                |        |    |
           247.462   |    600 |           |      |                                |         |      |                |        |    |
           247.533   |    120 |           |      |                                |         |      |                |        |    |
           247.822   |    150 |           |      |                                |         |      |                |        |    |
                     |        |           |      |                                |         |      |                |        |    |
           248.210   |    100 |           |      |                                |         |      |                |        |    |
           248.495   |    500 |           |      |                                |         |      |                |        |    |
           248.670   |    120 |           |      |                                |         |      |                |        |    |
           249.046   |    500 |           |      |                                |         |      |                |        |    |
           250.445   |    600 |           |      |                                |         |      |                |        |    |
                     |        |           |      |                                |         |      |                |        |    |
           250.745   |    600 |           |      |                                |         |      |                |        |    |
           251.265   |    240 |           |      |                                |         |      |                |        |    |
           252.635   | 1200bl |           |      |                                |         |      |                |        |    |
           254.680   |    240 |           |      |                                |         |      |                |        |    |
           255.107   |  460bl |           |      |                                |         |      |                |        |    |
                     |        |           |      |                                |         |      |                |        |    |
           255.505   |    240 |           |      |                                |         |      |                |        |    |
           255.943   |   1200 |           |      |   0.00000     -     4.842763   | 5d3.6s2 | a 4F |                | 390*   |    |
           256.210   |    460 |           |      |                                |         |      |                |        |    |
           257.354   |    430 |           |      |                                |         |      |                |        |    |
           257.379   |    390 |           |      |                                |         |      |                |        |    |
                     |        |           |      |                                |         |      |                |        |    |
           257.778   |    340 |           |      |                                |         |      |                |        |    |
           258.016   |    210 |           |      |                                |         |      |                |        |    |
           259.308   |    430 |           |      |                                |         |      |                |        |    |
           259.526   |    560 |           |      |                                |         |      |                |        |    |
           260.014   |    220 |           |      |                                |         |      |                |        |    |
                     |        |           |      |                                |         |      |                |        |    |
           260.863   |   1400 |           |      |   0.249221    -     5.000658   | 5d3.6s2 | a 4F |                | 403*   |    |
           260.900   |    210 |           |      |                                |         |      |                |        |    |
           261.134   |  310bl |           |      |                                |         |      |                |        |    |
           261.546   |    340 |           |      |                                |         |      |                |        |    |
           261.566   |    310 |           |      |                                |         |      |                |        |    |
                     |        |           |      |                                |         |      |                |        |    |
           263.667   |    470 |           |      |                                |         |      |                |        |    |
           263.690   |    860 |           |      |                                |         |      |                |        |    |
           264.622   |    510 |           |      |                                |         |      |                |        |    |
           264.637   |    600 |           |      |                                |         |      |                |        |    |
           264.747   |   2400 |           |      |   0.00000     -     4.681726   | 5d3.6s2 | a 4F |                | 377*   |    |
                     |        |           |      |                                |         |      |                |        |    |
           265.327   |   2600 |           |      |   0.249221    -     4.920709   | 5d3.6s2 | a 4F |                | 396*   |    |
           265.661   |   1900 |           |      |   0.00000     -     4.665536   | 5d3.6s2 | a 4F |                | 376*   |    |
           266.134   |   1500 |           |      |   0.696920    -     5.354269   | 5d3.6s2 | a 4F |                | 431*   |    |
           266.807   |    220 |           |      |                                |         |      |                |        |    |
           266.862   |    600 |           |      |                                |         |      |                |        |    |
                     |        |           |      |                                |         |      |                |        |    |
           268.428   |    600 |           |      |                                |         |      |                |        |    |
           269.131   |    340 |           |      |                                |         |      |                |        |    |
           269.240   |    260 |           |      |                                |         |      |                |        |    |
           269.681   |    240 |           |      |                                |         |      |                |        |    |
           269.830   |   1000 |           |      |   0.249221    -     4.842763   | 5d3.6s2 | a 4F |                | 390*   |    |
                     |        |           |      |                                |         |      |                |        |    |
           270.669   |    470 |           |      |                                |         |      |                |        |    |
           271.013   |   1200 |           |      |                                |         |      |                |        |    |
           271.467   |   2600 |           |      |   0.00000     -     4.565838   | 5d3.6s2 | a 4F | 5d3.6s.(3G).6p | y 4G*? |    |
           271.718   |    240 |           |      |                                |         |      |                |        |    |
           272.076   |    470 |           |      |                                |         |      |                |        |    |
                     |        |           |      |                                |         |      |                |        |    |
           272.778   |    410 |           |      |                                |         |      |                |        |    |
           274.359   |    210 |           |      |                                |         |      |                |        |    |
           274.668   |    510 |           |      |                                |         |      |                |        |    |
           274.878   |   1200 |           |      |                                |         |      |                |        |    |
           274.983   |    860 |           |      |                                |         |      |                |        |    |
                     |        |           |      |                                |         |      |                |        |    |
           275.831   |   1000 |           |      |   0.249221    -     4.742816   | 5d3.6s2 | a 4F |                | 382*   |    |
           277.588   |    770 |           |      |                                |         |      |                |        |    |
           278.769   |    390 |           |      |                                |         |      |                |        |    |
           279.634   |    680 |           |      |                                |         |      |                |        |    |
           280.207   |    380 |           |      |                                |         |      |                |        |    |
                     |        |           |      |                                |         |      |                |        |    |
           280.630   |    430 |           |      |                                |         |      |                |        |    |
           280.658   |    510 |           |      |                                |         |      |                |        |    |
           284.282   |    260 |           |      |                                |         |      |                |        |    |
           284.425   |    640 |           |      |                                |         |      |                |        |    |
           284.535   |   290c |           |      |                                |         |      |                |        |    |
                     |        |           |      |                                |         |      |                |        |    |
           284.852   |    560 |           |      |                                |         |      |                |        |    |
           285.049   |   1500 |           |      |                                |         |      |                |        |    |
           285.098   |   1900 |           |      |   0.696920    -     5.044473   | 5d3.6s2 | a 4F | 5d3.6s.(3G).6p | y 4G*? |    |
           286.198   |    360 |           |      |                                |         |      |                |        |    |
           286.865   |    310 |           |      |                                |         |      |                |        |    |
                     |        |           |      |                                |         |      |                |        |    |
           287.142   |    470 |           |      |                                |         |      |                |        |    |
           287.336   |    270 |           |      |                                |         |      |                |        |    |
           287.356   |    260 |           |      |                                |         |      |                |        |    |
           287.417   |    210 |           |      |                                |         |      |                |        |    |
           288.002   |    380 |           |      |                                |         |      |                |        |    |
                     |        |           |      |                                |         |      |                |        |    |
           289.184   |    770 |           |      |                                |         |      |                |        |    |
           289.904   |    260 |           |      |                                |         |      |                |        |    |
           290.205   |    560 |           |      |                                |         |      |                |        |    |
           291.412   |    210 |           |      |                                |         |      |                |        |    |
           291.549   |    310 |           |      |                                |         |      |                |        |    |
                     |        |           |      |                                |         |      |                |        |    |
           292.519   |    410 |           |      |                                |         |      |                |        |    |
           293.270   |    310 |           |      |                                |         |      |                |        |    |
           293.355   |   1700 |           |      |   0.00000     -     4.225185   | 5d3.6s2 | a 4F |                | 340*   |    |
           294.006   |    470 |           |      |                                |         |      |                |        |    |
           294.022   |   1200 |           |      |                                |         |      |                |        |    |
                     |        |           |      |                                |         |      |                |        |    |
           294.214   |    240 |           |      |                                |         |      |                |        |    |
           295.192   |    510 |           |      |                                |         |      |                |        |    |
           295.356   |    340 |           |      |                                |         |      |                |        |    |
           296.332   |   1500 |           |      |   0.249221    -     4.431961   | 5d3.6s2 | a 4F |                | 357*   |    |
           296.554   |    770 |           |      |                                |         |      |                |        |    |
                     |        |           |      |                                |         |      |                |        |    |
           296.947   |    340 |           |      |                                |         |      |                |        |    |
           297.556   |    430 |           |      |                                |         |      |                |        |    |
           301.1877  |    210 |           |      |                                |         |      |                |        |    |
           302.748   |  290bl |           |      |                                |         |      |                |        |    |
           304.9558  |    530 |           |      |                                |         |      |                |        |    |
                     |        |           |      |                                |         |      |                |        |    |
           306.9237  |    530 |           |      |                                |         |      |                |        |    |
           307.7245  |    360 |           |      |                                |         |      |                |        |    |
           310.3251  |    560 |           |      |                                |         |      |                |        |    |
           312.4969  |    380 |           |      |                                |         |      |                |        |    |
           312.776   |     bl | 5.7e+05   |      |                                |         |      |                |        |    |
                     |        |           |      |                                |         |      |                |        |    |
           313.0578  |    380 |           |      |                                |         |      |                |        |    |
           313.2643  |    270 |           |      |                                |         |      |                |        |    |
           316.818   |     bl | 6.0e+05   |      |                                |         |      |                |        |    |
           317.0289  |    320 | 8.5e+06   |      |                                |         |      |                |        |    |
           317.3586  |    270 |           |      |                                |         |      |                |        |    |
                     |        |           |      |                                |         |      |                |        |    |
           317.6294  |    200 |           |      |                                |         |      |                |        |    |
           318.0947  |    600 |           |      |                                |         |      |                |        |    |
           318.4552  |    240 |           |      |                                |         |      |                |        |    |
           319.8670  |    200 |           |      |                                |         |      |                |        |    |
           320.549   |     8w | 5.6e+05   |      |                                |         |      |                |        |    |
                     |        |           |      |                                |         |      |                |        |    |
           322.3826  |    300 |           |      |                                |         |      |                |        |    |
           322.9236  |    230 |           |      |                                |         |      |                |        |    |
           324.2048  |    200 |           |      |                                |         |      |                |        |    |
           324.2834  |    200 |           |      |                                |         |      |                |        |    |
           326.0182  |     70 | 5.8e+05   |      |                                |         |      |                |        |    |
                     |        |           |      |                                |         |      |                |        |    |
           331.1162  |   1100 |           |      |   0.696920    -     4.440304   | 5d3.6s2 | a 4F |                | 358*   |    |
           331.7928  |    210 |           |      |                                |         |      |                |        |    |
           331.8840  |    680 |           |      |                                |         |      |                |        |    |
           333.7799  |     70 | 1.3e+06   |      |                                |         |      |                |        |    |
           335.847   |    230 |           |      |                                |         |      |                |        |    |
                     |        |           |      |                                |         |      |                |        |    |
           337.1539  |    640 |           |      |                                |         |      |                |        |    |
           338.384   |      8 | 5.3e+05   |      |                                |         |      |                |        |    |
           338.5053  |    360 |           |      |                                |         |      |                |        |    |
           339.8327  |    230 |           |      |                                |         |      |                |        |    |
           340.6935  |    450 | 6.8e+06   |      |                                |         |      |                |        |    |
                     |        |           |      |                                |         |      |                |        |    |
           341.9748  |     75 | 1.91e+06  |      |                                |         |      |                |        |    |
           346.3771  |    230 | 2.62e+06  |      |                                |         |      |                |        |    |
           348.0516  |    490 |           |      |                                |         |      |                |        |    |
           348.4621  |     45 | 8.5e+05   |      |                                |         |      |                |        |    |
           348.8847  |    110 | 7.3e+05   |      |                                |         |      |                |        |    |
                     |        |           |      |                                |         |      |                |        |    |
           349.7848  |    380 | 4.9e+06   |      |                                |         |      |                |        |    |
           350.3868  |    240 |           |      |                                |         |      |                |        |    |
           350.4976  |    130 | 2.72e+06  |      |                                |         |      |                |        |    |
           351.1043  |    490 |           |      |                                |         |      |                |        |    |
           351.3612  |    200 |           |      |                                |         |      |                |        |    |
                     |        |           |      |                                |         |      |                |        |    |
           355.3415  |     55 | 3.3e+05   |      |                                |         |      |                |        |    |
           360.7406  |    750 | 4.6e+06   |      |                                |         |      |                |        |    |
           362.5238  |     55 | 1.0e+06   |      |                                |         |      |                |        |    |
           362.6617  |    980 | 7.1e+06   |      |                                |         |      |                |        |    |
           364.2057  |    500 | 5.5e+06   |      |                                |         |      |                |        |    |
                     |        |           |      |                                |         |      |                |        |    |
           365.7495  |     60 | 4.3e+05   |      |                                |         |      |                |        |    |
           368.6185  |    100 |           |      |                                |         |      |                |        |    |
           368.9729  |    100 |           |      |                                |         |      |                |        |    |
           373.1017  |    130 | 5.3e+05   |      |                                |         |      |                |        |    |
           373.6759  |    140 |           |      |                                |         |      |                |        |    |
                     |        |           |      |                                |         |      |                |        |    |
           374.6365  |    130 |           |      |                                |         |      |                |        |    |
           375.4517  |    110 | 6.5e+05   |      |                                |         |      |                |        |    |
           377.7102  |    110 |           |      |                                |         |      |                |        |    |
           378.4254  |    190 | 4.3e+06   |      |                                |         |      |                |        |    |
           379.2015  |    110 | 9.0e+05   |      |                                |         |      |                |        |    |
                     |        |           |      |                                |         |      |                |        |    |
           382.6849  |     85 | 5.2e+05   |      |                                |         |      |                |        |    |
           383.6603  |     65 | 4.0e+05   |      |                                |         |      |                |        |    |
           384.8046  |    100 | 1.30e+06  |      |                                |         |      |                |        |    |
           385.8608  |    50d | 2.5e+05   |      |                                |         |      |                |        |    |
           388.5202  |    100 |           |      |                                |         |      |                |        |    |
                     |        |           |      |                                |         |      |                |        |    |
           391.8512  |    210 | 2.5e+06   |      |                                |         |      |                |        |    |
           392.2779  |    140 | 3.98e+06  |      |                                |         |      |                |        |    |
           392.2915  |    140 | 3.98e+06  |      |                                |         |      |                |        |    |
           397.0098  |    210 |           |      |                                |         |      |                |        |    |
           399.6171  |    210 | 3.35e+06  |      |                                |         |      |                |        |    |
                     |        |           |      |                                |         |      |                |        |    |
           399.9283  |    100 | 1.8e+06   |      |                                |         |      |                |        |    |
           400.3704  |     65 | 3.1e+05   |      |                                |         |      |                |        |    |
           400.6835  |    190 | 7.6e+05   |      |                                |         |      |                |        |    |
           402.6944  |    190 | 3.60e+06  |      |                                |         |      |                |        |    |
           402.994   |    140 | 2.8e+06   |      |                                |         |      |                |        |    |
                     |        |           |      |                                |         |      |                |        |    |
           403.0668  |     50 | 2.3e+05   |      |                                |         |      |                |        |    |
           404.087   |    120 | 7.3e+05   |      |                                |         |      |                |        |    |
           406.1399  |    410 | 6.5e+06   |      |                                |         |      |                |        |    |
           406.463   |    210 | 3.83e+06  |      |                                |         |      |                |        |    |
           406.7235  |    100 | 6.8e+05   |      |                                |         |      |                |        |    |
                     |        |           |      |                                |         |      |                |        |    |
           406.7908  |    310 | 8.4e+05   |      |                                |         |      |                |        |    |
           409.7188  |     40 | 2.1e+05   |      |                                |         |      |                |        |    |
           410.5021  |    120 | 1.1e+06   |      |                                |         |      |                |        |    |
           412.9378  |    210 |           |      |                                |         |      |                |        |    |
           413.6198  |    230 | 1.82e+06  |      |                                |         |      |                |        |    |
                     |        |           |      |                                |         |      |                |        |    |
           414.7891  |    230 | 1.79e+06  |      |                                |         |      |                |        |    |
           417.5206  |    210 | 2.8e+06   |      |                                |         |      |                |        |    |
           417.7919  |    100 |           |      |                                |         |      |                |        |    |
           418.1152  |    130 |           |      |                                |         |      |                |        |    |
           420.5876  |    300 | 8.9e+05   |      |                                |         |      |                |        |    |
                     |        |           |      |                                |         |      |                |        |    |
           420.6404  |    120 |           |      |                                |         |      |                |        |    |
           424.5350  |    130 |           |      |                                |         |      |                |        |    |
           426.8255  |    130 |           |      |                                |         |      |                |        |    |
           430.2978  |   160c | 2.08e+06  |      |                                |         |      |                |        |    |
           435.5145  |    110 |           |      |                                |         |      |                |        |    |
                     |        |           |      |                                |         |      |                |        |    |
           437.8822  |    100 | 4.8e+05   |      |                                |         |      |                |        |    |
           438.6068  |    150 | 1.0e+06   |      |                                |         |      |                |        |    |
           439.8449  |    110 |           |      |                                |         |      |                |        |    |
           440.2498  |    180 | 2.28e+06  |      |                                |         |      |                |        |    |
           441.5741  |    130 | 2.53e+06  |      |                                |         |      |                |        |    |
                     |        |           |      |                                |         |      |                |        |    |
           444.1029  |     55 | 7.5e+05   |      |                                |         |      |                |        |    |
           444.1678  |     75 | 9.0e+05   |      |                                |         |      |                |        |    |
           447.3515  |     95 | 1.36e+06  |      |                                |         |      |                |        |    |
           451.0982  |   360c | 1.56e+06  |      |                                |         |      |                |        |    |
           451.1503  |     75 | 3.6e+05   |      |                                |         |      |                |        |    |
                     |        |           |      |                                |         |      |                |        |    |
           451.418   |        | 3.1e+05   |      |                                |         |      |                |        |    |
           452.1094  |     55 | 2.3e+05   |      |                                |         |      |                |        |    |
           453.0846  |    190 | 2.42e+06  |      |                                |         |      |                |        |    |
           454.7149  |     28 | 5.3e+05   |      |                                |         |      |                |        |    |
           455.1950  |    130 |           |      |                                |         |      |                |        |    |
                     |        |           |      |                                |         |      |                |        |    |
           455.3694  |     45 | 9.5e+05   |      |                                |         |      |                |        |    |
           456.5850  |    170 | 2.5e+06   |      |                                |         |      |                |        |    |
           457.4306  |    340 | 1.2e+06   |      |                                |         |      |                |        |    |
           458.069   |     28 | 2.1e+05   |      |                                |         |      |                |        |    |
           461.9512  |    260 | 5.3e+06   |      |                                |         |      |                |        |    |
                     |        |           |      |                                |         |      |                |        |    |
           463.306   |     45 | 1.2e+06   |      |                                |         |      |                |        |    |
           466.9143  |    130 | 2.85e+06  |      |                                |         |      |                |        |    |
           468.1875  |    450 | 1.5e+06   |      |   0.249221    -     2.896654   | 5d3.6s2 | a 4F | 5d3.6s.(5F).6p | z 4F*  |    |
           468.4867  |     45 | 2.8e+05   |      |                                |         |      |                |        |    |
           468.5266  |     40 | 3.4e+05   |      |                                |         |      |                |        |    |
                     |        |           |      |                                |         |      |                |        |    |
           469.1900  |    130 | 4.08e+06  |      |                                |         |      |                |        |    |
           470.6091  |     65 | 1.4e+06   |      |                                |         |      |                |        |    |
           474.0163  |    150 | 5.0e+06   |      |                                |         |      |                |        |    |
           475.6506  |    220 |           |      |                                |         |      |                |        |    |
           475.8033  |     45 | 7.5e+05   |      |                                |         |      |                |        |    |
                     |        |           |      |                                |         |      |                |        |    |
           476.8983  |    120 | 2.8e+06   |      |                                |         |      |                |        |    |
           478.0935  |     85 | 2.16e+06  |      |                                |         |      |                |        |    |
           481.2749  |    220 | 1.2e+06   |      |                                |         |      |                |        |    |
           482.5429  |     85 | 2.63e+06  |      |                                |         |      |                |        |    |
           483.2185  |     55 | 1.7e+06   |      |                                |         |      |                |        |    |
                     |        |           |      |                                |         |      |                |        |    |
           485.2166  |     30 | 1.7e+06   |      |                                |         |      |                |        |    |
           488.3950  |     75 | 1.1e+06   |      |                                |         |      |                |        |    |
           490.4591  |     65 | 1.95e+06  |      |                                |         |      |                |        |    |
           492.0108  |    110 |           |      |                                |         |      |                |        |    |
           492.0882  |      5 | 2.1e+05   |      |                                |         |      |                |        |    |
                     |        |           |      |                                |         |      |                |        |    |
           492.1271  |    100 | 1.2e+06   |      |                                |         |      |                |        |    |
           492.6005  |    110 | 1.5e+06   |      |                                |         |      |                |        |    |
           493.6421  |    150 | 4.5e+06   |      |                                |         |      |                |        |    |
           496.9693  |     45 | 1.0e+06   |      |                                |         |      |                |        |    |
           501.2524  |     75 | 1.9e+06   |      |                                |         |      |                |        |    |
                     |        |           |      |                                |         |      |                |        |    |
           503.7368  |    200 | 4.4e+06   |      |                                |         |      |                |        |    |
           504.3321  |     90 | 2.73e+06  |      |                                |         |      |                |        |    |
           506.7870  |    100 | 2.92e+06  |      |                                |         |      |                |        |    |
           506.9882  |      5 | 1.7e+05   |      |                                |         |      |                |        |    |
           508.2253  |     30 | 1.9e+05   |      |                                |         |      |                |        |    |
                     |        |           |      |                                |         |      |                |        |    |
           508.7366  |     65 | 1.5e+06   |      |                                |         |      |                |        |    |
           509.0710  |     90 | 9.5e+05   |      |                                |         |      |                |        |    |
           509.527   |     40 | 5.0e+05   |      |                                |         |      |                |        |    |
           511.5843  |    110 |           |      |                                |         |      |                |        |    |
           513.6467  |     30 | 4.5e+06   |      |                                |         |      |                |        |    |
                     |        |           |      |                                |         |      |                |        |    |
           514.1620  |    100 | 1.2e+06   |      |                                |         |      |                |        |    |
           514.3687  |    100 | 1.7e+06   |      |                                |         |      |                |        |    |
           514.762   |     75 | 9.0e+05   |      |                                |         |      |                |        |    |
           515.6562  |    330 |           |      |   0.696920    -     3.100700   | 5d3.6s2 | a 4F | 5d3.6s.(5F).6p | z 6G*  |    |
           516.1814  |     75 | 6.3e+05   |      |                                |         |      |                |        |    |
                     |        |           |      |                                |         |      |                |        |    |
           521.2741  |    110 |           |      |                                |         |      |                |        |    |
           521.8452  |  110bl |           |      |                                |         |      |                |        |    |
           521.8660  |     40 | 8.2e+05   |      |                                |         |      |                |        |    |
           523.5393  |     30 | 4.7e+05   |      |                                |         |      |                |        |    |
           529.5009  |     90 | 7.5e+05   |      |                                |         |      |                |        |    |
                     |        |           |      |                                |         |      |                |        |    |
           533.6127  |     30 | 5.5e+05   |      |                                |         |      |                |        |    |
           534.1049  |    140 |           |      |                                |         |      |                |        |    |
           534.9575  |     50 | 2.2e+06   |      |                                |         |      |                |        |    |
           535.4679  |     65 | 6.5e+05   |      |                                |         |      |                |        |    |
           539.5986  |     40 | 2.5e+05   |      |                                |         |      |                |        |    |
                     |        |           |      |                                |         |      |                |        |    |
           540.2507  |    200 | 1.4e+06   |      |                                |         |      |                |        |    |
           541.919   |    130 |           |      |                                |         |      |                |        |    |
           543.5267  |     65 | 1.1e+06   |      |                                |         |      |                |        |    |
           549.9442  |     50 | 6.1e+05   |      |                                |         |      |                |        |    |
           550.0684  |     18 |           |      |                                |         |      |                |        |    |
                     |        |           |      |                                |         |      |                |        |    |
           550.5655  |     20 |           |      |                                |         |      |                |        |    |
           551.6275  |    15c |           |      |                                |         |      |                |        |    |
           551.891   |     90 | 3.8e+06   |      |                                |         |      |                |        |    |
           552.1154  |      9 |           |      |                                |         |      |                |        |    |
           552.3982  |     10 |           |      |                                |         |      |                |        |    |
                     |        |           |      |                                |         |      |                |        |    |
           552.8359  |     13 |           |      |                                |         |      |                |        |    |
           554.520   |    10l |           |      |                                |         |      |                |        |    |
           554.8325  |     20 |           |      |                                |         |      |                |        |    |
           558.4016  |     30 |           |      |                                |         |      |                |        |    |
           559.8752  |     15 |           |      |                                |         |      |                |        |    |
                     |        |           |      |                                |         |      |                |        |    |
           559.952   |     30 |           |      |                                |         |      |                |        |    |
           560.5505  |     9c |           |      |                                |         |      |                |        |    |
           561.7711  |     9c |           |      |                                |         |      |                |        |    |
           562.0684  |     40 | 6.0e+05   |      |                                |         |      |                |        |    |
           562.820   |     13 |           |      |                                |         |      |                |        |    |
                     |        |           |      |                                |         |      |                |        |    |
           563.5710  |     20 |           |      |                                |         |      |                |        |    |
           564.0179  |     40 | 4.9e+05   |      |                                |         |      |                |        |    |
           564.5911  |    150 | 1.43e+06  |      |                                |         |      |                |        |    |
           566.4901  |    130 |           |      |                                |         |      |                |        |    |
           568.8247  |     30 |           |      |                                |         |      |                |        |    |
                     |        |           |      |                                |         |      |                |        |    |
           569.9242  |     40 | 4.2e+05   |      |                                |         |      |                |        |    |
           570.4306  |     15 |           |      |                                |         |      |                |        |    |
           570.6280  |     25 |           |      |                                |         |      |                |        |    |
           571.5241  |     30 |           |      |                                |         |      |                |        |    |
           571.6533  |      8 |           |      |                                |         |      |                |        |    |
                     |        |           |      |                                |         |      |                |        |    |
           574.6707  |     23 |           |      |                                |         |      |                |        |    |
           575.5811  |     30 |           |      |                                |         |      |                |        |    |
           576.1614  |    15w |           |      |                                |         |      |                |        |    |
           576.6561  |     25 |           |      |                                |         |      |                |        |    |
           576.7913  |    30c | 2.6e+05   |      |                                |         |      |                |        |    |
                     |        |           |      |                                |         |      |                |        |    |
           577.1931  |     10 |           |      |                                |         |      |                |        |    |
           577.6768  |    130 |           |      |                                |         |      |                |        |    |
           578.0017  |     25 |           |      |                                |         |      |                |        |    |
           578.0706  |     90 | 3.3e+05   |      |                                |         |      |                |        |    |
           581.1104  |    130 | 5.7e+05   |      |                                |         |      |                |        |    |
                     |        |           |      |                                |         |      |                |        |    |
           581.6510  |     25 |           |      |                                |         |      |                |        |    |
           584.3939  |    45c |           |      |                                |         |      |                |        |    |
           584.9678  |     13 | 2.8e+05   |      |                                |         |      |                |        |    |
           586.6610  |     15 |           |      |                                |         |      |                |        |    |
           587.7355  |    240 | 2.3e+06   |      |                                |         |      |                |        |    |
                     |        |           |      |                                |         |      |                |        |    |
           588.2295  |    130 |           |      |                                |         |      |                |        |    |
           590.1911  |     90 |           |      |                                |         |      |                |        |    |
           591.6511  |     30 |           |      |                                |         |      |                |        |    |
           591.8949  |     90 |           |      |                                |         |      |                |        |    |
           592.5897  |     15 |           |      |                                |         |      |                |        |    |
                     |        |           |      |                                |         |      |                |        |    |
           593.0625  |     15 |           |      |                                |         |      |                |        |    |
           593.1051  |     23 |           |      |                                |         |      |                |        |    |
           593.1679  |     20 |           |      |                                |         |      |                |        |    |
           593.5543  |     18 |           |      |                                |         |      |                |        |    |
           593.9765  |    130 | 1.6e+06   |      |                                |         |      |                |        |    |
                     |        |           |      |                                |         |      |                |        |    |
           594.4024  |    240 | 2.13e+06  |      |                                |         |      |                |        |    |
           595.1779  |     25 |           |      |                                |         |      |                |        |    |
           596.0129  |     18 |           |      |                                |         |      |                |        |    |
           599.7234  |   190c | 2.4e+06   |      |                                |         |      |                |        |    |
           600.9893  |    25w |           |      |                                |         |      |                |        |    |
                     |        |           |      |                                |         |      |                |        |    |
           601.5895  |     25 |           |      |                                |         |      |                |        |    |
           602.0720  |    100 | 1.0e+06   |      |                                |         |      |                |        |    |
           604.5390  |    250 | 2.6e+06   |      |                                |         |      |                |        |    |
           604.7247  |    100 | 9.0e+05   |      |                                |         |      |                |        |    |
           605.370   |     25 |           |      |                                |         |      |                |        |    |
                     |        |           |      |                                |         |      |                |        |    |
           609.0823  |     30 |           |      |                                |         |      |                |        |    |
           609.2065  |     18 |           |      |                                |         |      |                |        |    |
           610.1576  |    100 |           |      |                                |         |      |                |        |    |
           614.0071  |     25 |           |      |                                |         |      |                |        |    |
           614.4561  |     65 |           |      |                                |         |      |                |        |    |
                     |        |           |      |                                |         |      |                |        |    |
           615.2544  |     30 |           |      |                                |         |      |                |        |    |
           615.4504  |    130 |           |      |                                |         |      |                |        |    |
           615.8841  |     40 |           |      |                                |         |      |                |        |    |
           617.0538  |     15 |           |      |                                |         |      |                |        |    |
           618.9663  |     15 |           |      |                                |         |      |                |        |    |
                     |        |           |      |                                |         |      |                |        |    |
           619.3108  |     15 |           |      |                                |         |      |                |        |    |
           620.8372  |     25 |           |      |                                |         |      |                |        |    |
           624.9791  |     40 | 3.5e+05   |      |                                |         |      |                |        |    |
           625.6682  |    150 |           |      |                                |         |      |                |        |    |
           625.8734  |      5 | 3.3e+05   |      |                                |         |      |                |        |    |
                     |        |           |      |                                |         |      |                |        |    |
           626.8700  |    150 |           |      |                                |         |      |                |        |    |
           627.8336  |     50 |           |      |                                |         |      |                |        |    |
           628.1334  |     65 |           |      |                                |         |      |                |        |    |
           628.7361  |     15 |           |      |                                |         |      |                |        |    |
           628.791   |     40 |           |      |                                |         |      |                |        |    |
                     |        |           |      |                                |         |      |                |        |    |
           628.9336  |     40 |           |      |                                |         |      |                |        |    |
           630.9065  |     50 |           |      |                                |         |      |                |        |    |
           630.9579  |    150 | 1.83e+06  |      |                                |         |      |                |        |    |
           631.2237  |    25c |           |      |                                |         |      |                |        |    |
           632.5083  |     75 |           |      |                                |         |      |                |        |    |
                     |        |           |      |                                |         |      |                |        |    |
           633.2907  |     50 |           |      |                                |         |      |                |        |    |
           634.1173  |     65 |           |      |                                |         |      |                |        |    |
           634.602   |     30 |           |      |                                |         |      |                |        |    |
           635.6139  |     75 |           |      |                                |         |      |                |        |    |
           636.0839  |     65 | 4.6e+05   |      |                                |         |      |                |        |    |
                     |        |           |      |                                |         |      |                |        |    |
           637.3055  |     40 |           |      |                                |         |      |                |        |    |
           637.9069  |     15 |           |      |                                |         |      |                |        |    |
           638.9447  |     90 |           |      |                                |         |      |                |        |    |
           639.2209  |    23w |           |      |                                |         |      |                |        |    |
           642.860   |     65 | 6.0e+05   |      |                                |         |      |                |        |    |
                     |        |           |      |                                |         |      |                |        |    |
           643.079   |    250 | 2.9e+06   |      |                                |         |      |                |        |    |
           643.736   |     13 |           |      |                                |         |      |                |        |    |
           644.461   |     40 |           |      |                                |         |      |                |        |    |
           644.587   |     30 |           |      |                                |         |      |                |        |    |
           645.036   |    200 | 2.2e+06   |      |                                |         |      |                |        |    |
                     |        |           |      |                                |         |      |                |        |    |
           645.583   |     20 |           |      |                                |         |      |                |        |    |
           645.992   |     30 |           |      |                                |         |      |                |        |    |
           648.537   |    380 | 5.8e+06   |      |                                |         |      |                |        |    |
           650.243   |    18w |           |      |                                |         |      |                |        |    |
           650.552   |     65 |           |      |                                |         |      |                |        |    |
                     |        |           |      |                                |         |      |                |        |    |
           651.439   |    100 | 2.2e+06   |      |                                |         |      |                |        |    |
           651.610   |    100 | 1.25e+06  |      |                                |         |      |                |        |    |
           656.160   |    25w |           |      |                                |         |      |                |        |    |
           656.426   |  25c,w |           |      |                                |         |      |                |        |    |
           657.484   |    100 |           |      |                                |         |      |                |        |    |
                     |        |           |      |                                |         |      |                |        |    |
           658.513   |     10 |           |      |                                |         |      |                |        |    |
           658.716   |    15c |           |      |                                |         |      |                |        |    |
           661.195   |    110 | 1.9e+06   |      |                                |         |      |                |        |    |
           662.130   |     75 |           |      |                                |         |      |                |        |    |
           666.224   |  15c,w |           |      |                                |         |      |                |        |    |
                     |        |           |      |                                |         |      |                |        |    |
           667.373   |    100 | 9.0e+05   |      |                                |         |      |                |        |    |
           667.553   |    180 |           |      |                                |         |      |                |        |    |
           668.400   |     30 |           |      |                                |         |      |                |        |    |
           669.361   |     15 |           |      |                                |         |      |                |        |    |
           670.646   |     15 |           |      |                                |         |      |                |        |    |
                     |        |           |      |                                |         |      |                |        |    |
           670.939   |     25 |           |      |                                |         |      |                |        |    |
           671.444   |     10 |           |      |                                |         |      |                |        |    |
           672.361   |    15w |           |      |                                |         |      |                |        |    |
           674.073   |    75c |           |      |                                |         |      |                |        |    |
           675.491   |     40 |           |      |                                |         |      |                |        |    |
                     |        |           |      |                                |         |      |                |        |    |
           675.585   |    13c |           |      |                                |         |      |                |        |    |
           677.037   |     13 |           |      |                                |         |      |                |        |    |
           677.174   |     75 | 5.8e+05   |      |                                |         |      |                |        |    |
           677.425   |  40c,w |           |      |                                |         |      |                |        |    |
           678.899   |  40c,w |           |      |                                |         |      |                |        |    |
                     |        |           |      |                                |         |      |                |        |    |
           679.006   |    13c |           |      |                                |         |      |                |        |    |
           679.927   |     13 |           |      |                                |         |      |                |        |    |
           681.046   |    40c |           |      |                                |         |      |                |        |    |
           681.325   |   160c |           |      |                                |         |      |                |        |    |
           681.936   |     20 |           |      |                                |         |      |                |        |    |
                     |        |           |      |                                |         |      |                |        |    |
           682.496   |    18c |           |      |                                |         |      |                |        |    |
           683.200   |     13 |           |      |                                |         |      |                |        |    |
           685.083   |     15 |           |      |                                |         |      |                |        |    |
           686.513   |     15 |           |      |                                |         |      |                |        |    |
           686.623   |    210 | 2.58e+06  |      |                                |         |      |                |        |    |
                     |        |           |      |                                |         |      |                |        |    |
           687.527   |    180 |           |      |                                |         |      |                |        |    |
           687.749   |     40 |           |      |                                |         |      |                |        |    |
           689.677   |     15 |           |      |                                |         |      |                |        |    |
           690.055   |     40 |           |      |                                |         |      |                |        |    |
           690.210   |    150 |           |      |                                |         |      |                |        |    |
                     |        |           |      |                                |         |      |                |        |    |
           692.738   |    140 | 1.01e+06  |      |                                |         |      |                |        |    |
           692.854   |    140 | 1.69e+06  |      |                                |         |      |                |        |    |
           693.933   |     8w |           |      |                                |         |      |                |        |    |
           694.687   |    20c |           |      |                                |         |      |                |        |    |
           695.126   |     65 | 3.7e+05   |      |                                |         |      |                |        |    |
                     |        |           |      |                                |         |      |                |        |    |
           695.388   |     45 | 8.3e+05   |      |                                |         |      |                |        |    |
           696.613   |    180 | 1.2e+06   |      |                                |         |      |                |        |    |
           696.949   |      8 | 2.9e+05   |      |                                |         |      |                |        |    |
           697.131   |     8c |           |      |                                |         |      |                |        |    |
           697.153   |      9 |           |      |                                |         |      |                |        |    |
                     |        |           |      |                                |         |      |                |        |    |
           698.352   |     23 |           |      |                                |         |      |                |        |    |
           699.522   |  110bl |           |      |                                |         |      |                |        |    |
           699.549   |        |           |      |                                |         |      |                |        |    |
           700.021   |     20 |           |      |                                |         |      |                |        |    |
           700.507   |     40 |           |      |                                |         |      |                |        |    |
                     |        |           |      |                                |         |      |                |        |    |
           700.696   |     75 |           |      |                                |         |      |                |        |    |
           702.503   |     50 |           |      |                                |         |      |                |        |    |
           703.151   |     13 |           |      |                                |         |      |                |        |    |
           703.907   |     40 |           |      |                                |         |      |                |        |    |
           708.130   |    15w |           |      |                                |         |      |                |        |    |
                     |        |           |      |                                |         |      |                |        |    |
           708.540   |     20 |           |      |                                |         |      |                |        |    |
           709.302   |     23 |           |      |                                |         |      |                |        |    |
           710.805   |      8 |           |      |                                |         |      |                |        |    |
           711.752   |    15c |           |      |                                |         |      |                |        |    |
           712.127   |     20 |           |      |                                |         |      |                |        |    |
                     |        |           |      |                                |         |      |                |        |    |
           712.572   |     40 |           |      |                                |         |      |                |        |    |
           714.863   |    150 |           |      |                                |         |      |                |        |    |
           717.290   |    110 |           |      |                                |         |      |                |        |    |
           717.491   |    13c |           |      |                                |         |      |                |        |    |
           719.135   |     13 |           |      |                                |         |      |                |        |    |
                     |        |           |      |                                |         |      |                |        |    |
           723.345   |      8 |           |      |                                |         |      |                |        |    |
           725.027   |    30w |           |      |                                |         |      |                |        |    |
           726.482   |    11w |           |      |                                |         |      |                |        |    |
           727.229   |      6 |           |      |                                |         |      |                |        |    |
           727.696   |     30 |           |      |                                |         |      |                |        |    |
                     |        |           |      |                                |         |      |                |        |    |
           727.754   |      5 |           |      |                                |         |      |                |        |    |
           728.636   |      9 |           |      |                                |         |      |                |        |    |
           729.632   |    13c |           |      |                                |         |      |                |        |    |
           730.174   |    140 |           |      |                                |         |      |                |        |    |
           731.984   |     20 |           |      |                                |         |      |                |        |    |
                     |        |           |      |                                |         |      |                |        |    |
           732.272   |    11c |           |      |                                |         |      |                |        |    |
           732.595   |     13 |           |      |                                |         |      |                |        |    |
           734.019   |  11c,w |           |      |                                |         |      |                |        |    |
           734.641   |    160 |           |      |                                |         |      |                |        |    |
           735.286   |   140c |           |      |                                |         |      |                |        |    |
                     |        |           |      |                                |         |      |                |        |    |
           735.696   |    100 |           |      |                                |         |      |                |        |    |
           736.909   |  90c,w |           |      |                                |         |      |                |        |    |
           740.789   |    160 | 2.0e+06   |      |                                |         |      |                |        |    |
           743.519   |    11c |           |      |                                |         |      |                |        |    |
           744.017   |     23 |           |      |                                |         |      |                |        |    |
                     |        |           |      |                                |         |      |                |        |    |
           746.775   |     30 |           |      |                                |         |      |                |        |    |
           748.601   |     23 |           |      |                                |         |      |                |        |    |
           752.056   |     30 |           |      |                                |         |      |                |        |    |
           756.923   |      6 |           |      |                                |         |      |                |        |    |
           759.022   |      9 |           |      |                                |         |      |                |        |    |
                     |        |           |      |                                |         |      |                |        |    |
           764.962   |      6 |           |      |                                |         |      |                |        |    |
           772.202   |    11w |           |      |                                |         |      |                |        |    |
           776.311   |     11 |           |      |                                |         |      |                |        |    |
           777.967   |     9c |           |      |                                |         |      |                |        |    |
           784.276   |    20c |           |      |                                |         |      |                |        |    |
                     |        |           |      |                                |         |      |                |        |    |
           788.237   |    100 |           |      |                                |         |      |                |        |    |
           795.019   |     30 |           |      |                                |         |      |                |        |    |
           795.207   |      5 |           |      |                                |         |      |                |        |    |
           799.875   |      6 |           |      |                                |         |      |                |        |    |
           802.209   |      6 |           |      |                                |         |      |                |        |    |
                     |        |           |      |                                |         |      |                |        |    |
           802.650   |     75 |           |      |                                |         |      |                |        |    |
           802.904   |      5 |           |      |                                |         |      |                |        |    |
           803.908   |     15 |           |      |                                |         |      |                |        |    |
           805.393   |      8 |           |      |                                |         |      |                |        |    |
           806.898   |     15 |           |      |                                |         |      |                |        |    |
                     |        |           |      |                                |         |      |                |        |    |
           810.011   |      5 |           |      |                                |         |      |                |        |    |
           812.876   |     13 |           |      |                                |         |      |                |        |    |
           815.854   |      9 |           |      |                                |         |      |                |        |    |
           818.074   |     5c |           |      |                                |         |      |                |        |    |
           824.895   |    13c |           |      |                                |         |      |                |        |    |
                     |        |           |      |                                |         |      |                |        |    |
           826.485   |   20bl |           |      |                                |         |      |                |        |    |
           828.162   |     75 |           |      |                                |         |      |                |        |    |
           838.906   |     11 |           |      |                                |         |      |                |        |    |
           841.573   |      5 |           |      |                                |         |      |                |        |    |
           844.762   |  25c,w |           |      |                                |         |      |                |        |    |
                     |        |           |      |                                |         |      |                |        |    |
           855.049   |    11w |           |      |                                |         |      |                |        |    |
           857.592   |     15 |           |      |                                |         |      |                |        |    |
           859.584   |  10c,w |           |      |                                |         |      |                |        |    |