
-----------------------------------------------------------------------------
            Observed  |  Rel. |    Aki    | Acc. |   Ei           Ek   |Type|
           Wavelength |  Int. |    s^-1   |      |  (eV)         (eV)  |    |
            Air (nm)  |       |           |      |                     |    |
-----------------------------------------------------------------------------
                      |       |           |      |                     |    |
           235.4171   |     4 |           |      |                     |    |
           249.0403   |     5 |           |      |                     |    |
           268.1664   |    10 |           |      |                     |    |
           269.4200   |    20 |           |      |                     |    |
           269.5381   |    15 |           |      |                     |    |
                      |       |           |      |                     |    |
           272.2992   |    25 |           |      |                     |    |
           273.00873  |     6 |           |      |                     |    |
           274.25018  |    40 |           |      |                     |    |
           276.0073   |    40 |           |      |                     |    |
           279.1194   |    10 |           |      |                     |    |
                      |       |           |      |                     |    |
           281.3657   |    40 |           |      |                     |    |
           281.8850   |     1 |           |      |                     |    |
           282.25655  |     2 |           |      |                     |    |
           288.64547  |    10 |           |      |                     |    |
           291.9049   |    50 |           |      |                     |    |
                      |       |           |      |                     |    |
           294.8406   |    50 | 3.5e+07   |      |                     |    |
           296.4964   |    50 |           |      |                     |    |
           297.4588   |    50 | 3.5e+07   |      |                     |    |
           298.4254   |   150 | 4.8e+07   |      |                     |    |
           299.52574  |    70 | 5.1e+06   |      |                     |    |
                      |       |           |      |                     |    |
           299.6939   |   125 | 8.4e+06   |      |                     |    |
           300.52618  |    70 | 4.8e+06   |      |                     |    |
           301.8952   |    15 |           |      |                     |    |
           302.1725   |   200 |           |      |                     |    |
           302.22814  |   175 | 6.6e+06   |      |                     |    |
                      |       |           |      |                     |    |
           304.483    |    24 |           |      |                     |    |
           304.53628  |   100 | 1.07e+07  |      |                     |    |
           304.711    |    12 |           |      |                     |    |
           305.395    |       | 1.9e+05   |      |                     |    |
           309.17211  |    50 |           |      |                     |    |
                      |       |           |      |                     |    |
           311.1797   |    11 |           |      |                     |    |
           311.4283   |     5 |           |      |                     |    |
           315.56472  |    30 | 2.7e+05   |      |                     |    |
           317.28352  |     7 | 9.9e+05   |      |                     |    |
           318.5944   |     2 | 1.2e+05   |      |                     |    |
                      |       |           |      |                     |    |
           319.13000  |    50 |           |      |                     |    |
           320.9377   |     3 | 3.0e+05   |      |                     |    |
           322.708    |     2 | 1.10e+05  |      |                     |    |
           334.0378   |     7 |           |      |                     |    |
           338.85823  |    30 |           |      |                     |    |
                      |       |           |      |                     |    |
           339.7032   |     2 |           |      |                     |    |
           341.24636  |    30 |           |      |                     |    |
           345.09404  |    80 |           |      |                     |    |
           348.40475  |  1300 | 1.2e+06   |      |                     |    |
           348.57223  |  1000 |           |      |                     |    |
                      |       |           |      |                     |    |
           352.15330  |   100 |           |      |                     |    |
           354.96586  |     6 | 1.0e+05   |      |                     |    |
           355.1789   |    50 |           |      |                     |    |
           355.26905  |   500 | 2.3e+07   |      |                     |    |
           355.87414  |  1200 |           |      |                     |    |
                      |       |           |      |                     |    |
           357.14306  |   150 |           |      |                     |    |
           357.60526  |   250 |           |      |                     |    |
           358.7743   |    45 |           |      |                     |    |
           358.96830  |   125 |           |      |                     |    |
           359.2915   |  6000 |           |      |                     |    |
                      |       |           |      |                     |    |
           362.0940   |  7700 |           |      |                     |    |
           369.2523   |   450 |           |      |                     |    |
           371.80915  |   300 |           |      |                     |    |
           373.86107  |   400 |           |      |                     |    |
           374.9891   |   200 |           |      |                     |    |
                      |       |           |      |                     |    |
           387.67825  |   100 |           |      |                     |    |
           388.77648  |    70 |           |      |                     |    |
           390.45961  |   150 |           |      |                     |    |
           391.8248   |   100 |           |      |                     |    |
           393.0098   |   300 |           |      |                     |    |
                      |       |           |      |                     |    |
           395.50850  |   175 |           |      |                     |    |
           398.74804  |   125 |           |      |                     |    |
           403.9826   |   500 |           |      |                     |    |
           404.76284  |    20 |           |      |                     |    |
           407.7359   | 13800 | 1.1e+08   |      |                     |    |
                      |       |           |      |                     |    |
           408.11852  |   500 |           |      |                     |    |
           408.3705   | 15000 | 2.5e+07   |      |                     |    |
           410.2364   |  1800 | 1.3e+08   |      |                     |    |
           410.63842  |   950 |           |      |                     |    |
           411.0805   |   350 |           |      |                     |    |
                      |       |           |      |                     |    |
           412.8304   |   890 | 1.6e+08   |      |                     |    |
           414.2841   |   750 | 1.6e+08   |      |                     |    |
           415.7624   |   200 |           |      |                     |    |
           416.75131  |   200 | 2.38e+07  |      |                     |    |
           417.41332  |   400 |           |      |                     |    |
                      |       |           |      |                     |    |
           421.30180  |   500 |           |      |                     |    |
           421.3524   |   250 |           |      |                     |    |
           421.7799   |  1300 |           |      |                     |    |
           422.06290  |  2000 |           |      |                     |    |
           422.42529  |   900 |           |      |                     |    |
                      |       |           |      |                     |    |
           423.5929   |  1400 | 3.0e+07   |      |                     |    |
           425.1201   |  1000 |           |      |                     |    |
           430.22899  |   850 |           |      |                     |    |
           431.63032  |   200 |           |      |                     |    |
           433.07703  |   300 |           |      |                     |    |
                      |       |           |      |                     |    |
           433.7275   |   150 |           |      |                     |    |
           434.46355  |   200 |           |      |                     |    |
           434.8783   |   250 |           |      |                     |    |
           435.2322   |   100 | 6.7e+05   |      |                     |    |
           435.2703   |   100 |           |      |                     |    |
                      |       |           |      |                     |    |
           435.7726   |   300 |           |      |                     |    |
           436.60235  |   450 |           |      |                     |    |
           437.5614   |     2 |           |      |                     |    |
           437.9327   |   400 | 7.83e+07  |      |                     |    |
           438.5474   |   100 | 6.9e+06   |      |                     |    |
                      |       |           |      |                     |    |
           438.7738   |    50 |           |      |                     |    |
           439.4007   |   125 | 1.9e+06   |      |                     |    |
           439.4669   |   100 |           |      |                     |    |
           440.9700   |     3 | 2.7e+05   |      |                     |    |
           441.74307  |   125 | 3.2e+06   |      |                     |    |
                      |       |           |      |                     |    |
           443.73402  |   400 | 8.64e+06  |      |                     |    |
           444.3652   |   175 | 1.1e+07   |      |                     |    |
           444.66226  |   300 |           |      |                     |    |
           445.9010   |    70 | 1.8e+06   |      |                     |    |
           446.5267   |    12 |           |      |                     |    |
                      |       |           |      |                     |    |
           447.38756  |    25 |           |      |                     |    |
           447.5721   |   125 |           |      |                     |    |
           447.6951   |    70 | 2.8e+07   |      |                     |    |
           447.74424  |    70 |           |      |                     |    |
           448.7279   |   100 |           |      |                     |    |
                      |       |           |      |                     |    |
           448.7460   |   100 |           |      |                     |    |
           449.1740   |   175 | 2.3e+06   |      |                     |    |
           449.24181  |   175 |           |      |                     |    |
           450.5948   |   100 |           |      |                     |    |
           451.35745  |   125 |           |      |                     |    |
                      |       |           |      |                     |    |
           451.4007   |   150 | 3.34e+07  |      |                     |    |
           452.2029   |   100 |           |      |                     |    |
           452.7239   |    60 |           |      |                     |    |
           452.7783   |    20 | 8.33e+07  |      |                     |    |
           453.40869  |    80 | 4.4e+06   |      |                     |    |
                      |       |           |      |                     |    |
           454.43060  |   150 | 4.10e+07  |      |                     |    |
           455.9362   |   150 | 4.0e+07   |      |                     |    |
           456.43913  |   125 |           |      |                     |    |
           457.3537   |   250 |           |      |                     |    |
           458.1325   |  2000 | 1.5e+07   |      |                     |    |
                      |       |           |      |                     |    |
           458.1771   |  1000 |           |      |                     |    |
           459.6528   |  1500 |           |      |                     |    |
           460.4793   |   650 |           |      |                     |    |
           461.2991   |   500 | 1.8e+07   |      |                     |    |
           464.3698   |    30 | 1.8e+07   |      |                     |    |
                      |       |           |      |                     |    |
           465.37843  |   400 | 1.6e+07   |      |                     |    |
           465.8319   |   300 |           |      |                     |    |
           465.8882   |   175 |           |      |                     |    |
           466.74730  |   250 |           |      |                     |    |
           467.0852   |   200 |           |      |                     |    |
                      |       |           |      |                     |    |
           467.4848   |  5000 | 1.3e+07   |      |                     |    |
           467.8357   |   175 |           |      |                     |    |
           468.9767   |    35 |           |      |                     |    |
           469.6799   |   800 |           |      |                     |    |
           470.8851   |   100 |           |      |                     |    |
                      |       |           |      |                     |    |
           472.58417  |   250 | 1.5e+07   |      |                     |    |
           472.85140  |   400 |           |      |                     |    |
           473.23989  |   500 |           |      |                     |    |
           474.1401   |   850 |           |      |                     |    |
           475.2790   |   700 |           |      |                     |    |
                      |       |           |      |                     |    |
           476.0978   |     6 |           |      |                     |    |
           476.2955   |    11 | 4.2e+06   |      |                     |    |
           478.0163   |    70 | 8.9e+06   |      |                     |    |
           478.10330  |   200 | 1.0e+07   |      |                     |    |
           478.68753  |   300 |           |      |                     |    |
                      |       |           |      |                     |    |
           479.9301   |   300 | 1.6e+07   |      |                     |    |
           480.4313   |   150 | 2.6e+07   |      |                     |    |
           480.4803   |   200 | 3.84e+07  |      |                     |    |
           481.96386  |   300 |           |      |                     |    |
           482.16279  |    50 | 1.0e+07   |      |                     |    |
                      |       |           |      |                     |    |
           482.2121   |   300 |           |      |                     |    |
           483.91470  |   150 |           |      |                     |    |
           483.9866   |   500 |           |      |                     |    |
           484.5668   |   500 | 6.8e+07   |      |                     |    |
           485.2682   |   300 | 6.2e+07   |      |                     |    |
                      |       |           |      |                     |    |
           485.4243   |   200 |           |      |                     |    |
           485.6714   |   150 | 2.0e+07   |      |                     |    |
           485.98413  |   500 | 7.26e+07  |      |                     |    |
           487.9652   |   200 |           |      |                     |    |
           488.6291   |   200 |           |      |                     |    |
                      |       |           |      |                     |    |
           488.6640   |   150 |           |      |                     |    |
           489.3436   |   300 | 2.2e+07   |      |                     |    |
           490.008    |  mYII | 2.0e+07   |      |                     |    |
           490.6108   |   300 | 1.2e+07   |      |                     |    |
           490.89897  |    10 |           |      |                     |    |
                      |       |           |      |                     |    |
           492.1877   |   400 |           |      |                     |    |
           493.0935   |    70 |           |      |                     |    |
           495.0005   |     6 | 2.0e+06   |      |                     |    |
           495.0661   |    50 |           |      |                     |    |
           496.3489   |     3 | 1.4e+06   |      |                     |    |
                      |       |           |      |                     |    |
           497.43036  |  1000 |           |      |                     |    |
           498.19646  |     2 | 4.7e+05   |      |                     |    |
           500.44350  |     2 | 1.2e+06   |      |                     |    |
           500.69623  |   200 |           |      |                     |    |
           507.0187   |    20 |           |      |                     |    |
                      |       |           |      |                     |    |
           507.21943  |    20 |           |      |                     |    |
           508.82011  |     9 |           |      |                     |    |
           513.51993  |   300 |           |      |                     |    |
           520.50105  |     3 | 8.4e+05   |      |                     |    |
           524.0800   |   400 |           |      |                     |    |
                      |       |           |      |                     |    |
           525.8474   |     2 | 2.9e+05   |      |                     |    |
           527.182    |       | 1.1e+06   |      |                     |    |
           538.06294  |   300 | 3.2e+07   |      |                     |    |
           538.1244   |     4 | 9.9e+05   |      |                     |    |
           538.83878  |    10 | 1.1e+06   |      |                     |    |
                      |       |           |      |                     |    |
           539.08129  |    25 | 2.9e+06   |      |                     |    |
           540.18770  |     5 | 6.0e+05   |      |                     |    |
           541.70330  |   200 |           |      |                     |    |
           542.43619  |   400 | 3.47e+07  |      |                     |    |
           543.82257  |   500 |           |      |                     |    |
                      |       |           |      |                     |    |
           546.6242   |   300 | 1.0e+07   |      |                     |    |
           546.6467   |  5000 | 6.3e+07   |      |                     |    |
           546.8470   |   400 |           |      |                     |    |
           546.9104   |     3 | 3.6e+05   |      |                     |    |
           549.3148   |   300 |           |      |                     |    |
                      |       |           |      |                     |    |
           549.5580   |   300 |           |      |                     |    |
           550.34639  |   750 |           |      |                     |    |
           551.36475  |   400 | 2.39e+07  |      |                     |    |
           551.98803  |     8 | 1.2e+06   |      |                     |    |
           552.16946  |   300 |           |      |                     |    |
                      |       |           |      |                     |    |
           552.643    |       | 3.9e+05   |      |                     |    |
           552.6803   |   140 |           |      |                     |    |
           552.7561   |  1000 | 5.4e+07   |      |                     |    |
           554.16290  |   200 | 5.2e+06   |      |                     |    |
           554.45041  |   300 |           |      |                     |    |
                      |       |           |      |                     |    |
           555.09977  |    30 | 6.9e+06   |      |                     |    |
           555.64169  |   300 |           |      |                     |    |
           556.77583  |   500 |           |      |                     |    |
           557.30326  |     9 | 1.8e+06   |      |                     |    |
           557.74156  |   500 |           |      |                     |    |
                      |       |           |      |                     |    |
           558.10767  |   100 |           |      |                     |    |
           558.1874   |   750 |           |      |                     |    |
           559.09519  |    70 |           |      |                     |    |
           559.41240  |   100 | 5.0e+06   |      |                     |    |
           560.63346  |   500 | 5.84e+06  |      |                     |    |
                      |       |           |      |                     |    |
           561.9962   |    10 | 2.0e+06   |      |                     |    |
           562.38896  |    50 |           |      |                     |    |
           563.0138   |   750 | 4.9e+07   |      |                     |    |
           563.22510  |   150 |           |      |                     |    |
           563.29067  |    50 |           |      |                     |    |
                      |       |           |      |                     |    |
           564.17735  |     9 | 1.9e+06   |      |                     |    |
           564.46871  |   500 |           |      |                     |    |
           564.84546  |   500 |           |      |                     |    |
           567.52672  |   500 | 9.3e+06   |      |                     |    |
           567.56407  |    50 | 4.3e+06   |      |                     |    |
                      |       |           |      |                     |    |
           569.36333  |   100 | 1.1e+07   |      |                     |    |
           570.6713   |   500 |           |      |                     |    |
           571.4944   |    20 | 2.0e+06   |      |                     |    |
           572.06147  |   200 |           |      |                     |    |
           572.92532  |     3 | 2.2e+05   |      |                     |    |
                      |       |           |      |                     |    |
           573.20896  |   150 | 7.5e+06   |      |                     |    |
           574.02175  |    20 | 4.0e+06   |      |                     |    |
           574.38608  |   400 |           |      |                     |    |
           575.75887  |     6 | 7.6e+05   |      |                     |    |
           576.56556  |   300 |           |      |                     |    |
                      |       |           |      |                     |    |
           577.39423  |   400 |           |      |                     |    |
           578.8361   |     4 | 9.4e+05   |      |                     |    |
           582.18382  |   100 |           |      |                     |    |
           583.22497  |    50 |           |      |                     |    |
           584.41306  |     3 | 5.6e+05   |      |                     |    |
                      |       |           |      |                     |    |
           587.18203  |    15 |           |      |                     |    |
           587.9929   |    30 | 8.5e+06   |      |                     |    |
           590.29117  |   200 | 4.0e+06   |      |                     |    |
           594.56863  |   200 |           |      |                     |    |
           594.99874  |   150 |           |      |                     |    |
                      |       |           |      |                     |    |
           598.1881   |   250 |           |      |                     |    |
           600.91834  |  4000 |           |      |                     |    |
           602.3408   |  5000 |           |      |                     |    |
           608.79344  |   400 | 1.1e+07   |      |                     |    |
           613.5000   |   500 |           |      |                     |    |
                      |       |           |      |                     |    |
           613.84352  |  1000 |           |      |                     |    |
           619.1720   |  1000 | 4.7e+06   |      |                     |    |
           622.2578   |   500 | 5.9e+05   |      |                     |    |
           625.105    |   180 |           |      |                     |    |
           640.2007   |   300 | 2.7e+05   |      |                     |    |
                      |       |           |      |                     |    |
           643.5022   |  5000 | 4.0e+06   |      |                     |    |
           643.71697  |   150 | 4.8e+06   |      |                     |    |
           653.8568   |   200 | 1.5e+07   |      |                     |    |
           655.73686  |   100 |           |      |                     |    |
           657.6862   |    50 |           |      |                     |    |
                      |       |           |      |                     |    |
           658.4856   |   150 |           |      |                     |    |
           662.24810  |    25 | 4.5e+05   |      |                     |    |
           663.6499   |    20 |           |      |                     |    |
           665.0601   |   100 |           |      |                     |    |
           666.4420   |    30 |           |      |                     |    |
                      |       |           |      |                     |    |
           668.7570   |  1500 |           |      |                     |    |
           669.18305  |    12 |           |      |                     |    |
           669.48303  |    12 |           |      |                     |    |
           669.92875  |    25 |           |      |                     |    |
           670.0702   |   200 |           |      |                     |    |
                      |       |           |      |                     |    |
           671.31452  |    90 |           |      |                     |    |
           673.5967   |    90 |           |      |                     |    |
           679.3704   |   300 |           |      |                     |    |
           680.31501  |   500 |           |      |                     |    |
           681.51456  |    25 | 7.18e+06  |      |                     |    |
                      |       |           |      |                     |    |
           684.5195   |    70 |           |      |                     |    |
           688.71762  |    50 |           |      |                     |    |
           690.8276   |  2000 |           |      |                     |    |
           693.35535  |  1000 |           |      |                     |    |
           695.0264   |   750 |           |      |                     |    |
                      |       |           |      |                     |    |
           695.8031   |   750 |           |      |                     |    |
           697.98590  |   750 |           |      |                     |    |
           700.89287  |  1000 |           |      |                     |    |
           700.9883   |  1000 | 4.4e+06   |      |                     |    |
           703.5150   |  1000 | 6.3e+06   |      |                     |    |
                      |       |           |      |                     |    |
           705.2935   |  1000 |           |      |                     |    |
           705.4189   |   750 |           |      |                     |    |
           707.5132   |   150 |           |      |                     |    |
           712.7970   |  1000 |           |      |                     |    |
           719.16404  |    15 |           |      |                     |    |
                      |       |           |      |                     |    |
           719.5874   |     2 |           |      |                     |    |
           729.3073   |     3 |           |      |                     |    |
           733.0499   |     2 |           |      |                     |    |
           734.6457   |    20 |           |      |                     |    |
           739.8712   |     4 |           |      |                     |    |
                      |       |           |      |                     |    |
           749.4848   |    10 |           |      |                     |    |
           753.6639   |     3 |           |      |                     |    |
           756.31149  |    15 |           |      |                     |    |
           761.7608   |     3 |           |      |                     |    |
           762.2961   |    10 |           |      |                     |    |
                      |       |           |      |                     |    |
           765.2854   |     5 |           |      |                     |    |
           768.9472   |     4 |           |      |                     |    |
           769.7918   |     6 |           |      |                     |    |
           771.9888   |    25 |           |      |                     |    |
           772.4057   |    20 |           |      |                     |    |
                      |       |           |      |                     |    |
           778.8402   |    15 |           |      |                     |    |
           779.6291   |    20 |           |      |                     |    |
           780.2487   |     7 |           |      |                     |    |
           781.2132   |    30 |           |      |                     |    |
           785.5468   |    20 |           |      |                     |    |
                      |       |           |      |                     |    |
           799.9358   |    10 |           |      |                     |    |
           832.9571   |     5 |           |      |                     |    |
           834.4404   |     3 |           |      |                     |    |
           836.5551   |     7 |           |      |                     |    |
           845.0335   |    20 |           |      |                     |    |
                      |       |           |      |                     |    |
           852.8788   |     8 |           |      |                     |    |
           880.0590   |    35 |           |      |                     |    |