
---------------------------------------------------------------------------
          Observed  |  Rel. |    Aki    | Acc. |   Ei           Ek   |Type|
         Wavelength |  Int. |    s^-1   |      |  (eV)         (eV)  |    |
          Air (nm)  |       |           |      |                     |    |
---------------------------------------------------------------------------
                    |       |           |      |                     |    |
           237.442  |    60 |           |      |                     |    |
           238.417  |    60 |           |      |                     |    |
           238.801  |    50 |           |      |                     |    |
           238.921  |    50 |           |      |                     |    |
           240.552  |    45 |           |      |                     |    |
                    |       |           |      |                     |    |
           253.965  |    90 |           |      |                     |    |
           255.051  |    45 |           |      |                     |    |
           255.643  |    45 |           |      |                     |    |
           256.745  |    60 |           |      |                     |    |
           258.965  |    22 |           |      |                     |    |
                    |       |           |      |                     |    |
           260.943  |    45 |           |      |                     |    |
           263.542  |    80 |           |      |                     |    |
           264.778  |    55 |           |      |                     |    |
           265.869  |    70 |           |      |                     |    |
           268.775  |    90 |           |      |                     |    |
                    |       |           |      |                     |    |
           269.292  |    22 |           |      |                     |    |
           272.547  |   140 |           |      |                     |    |
           277.404  | 170bl |           |      |                     |    |
           279.014  |   200 |           |      |                     |    |
           279.204  |   120 |           |      |                     |    |
                    |       |           |      |                     |    |
           281.490  |   620 |           |      |                     |    |
           283.723  |   710 |           |      |                     |    |
           284.852  |   350 |           |      |                     |    |
           287.598  |   490 |           |      |                     |    |
           289.226  |   120 |           |      |                     |    |
                    |       |           |      |                     |    |
           296.087  |   320 |           |      |                     |    |
           296.919  |   120 |           |      |                     |    |
           298.539  |   820 |           |      |                     |    |
           300.537  |   100 |           |      |                     |    |
           300.550  |   160 |           |      |                     |    |
                    |       |           |      |                     |    |
           301.175  |   820 |           |      |                     |    |
           302.952  |   880 |           |      |                     |    |
           304.583  |   100 |           |      |                     |    |
           308.534  |   110 |           |      |                     |    |
           309.480  |   110 |           |      |                     |    |
                    |       |           |      |                     |    |
           309.582  |   110 |           |      |                     |    |
           310.837  |   110 |           |      |                     |    |
           312.074  |   350 |           |      |                     |    |
           313.111  |   140 |           |      |                     |    |
           313.207  |   350 |           |      |                     |    |
                    |       |           |      |                     |    |
           313.323  |   110 |           |      |                     |    |
           313.696  |   180 |           |      |                     |    |
           313.980  |   140 |           |      |                     |    |
           314.882  |   180 |           |      |                     |    |
           315.782  |   320 |           |      |                     |    |
                    |       |           |      |                     |    |
           319.121  |   540 |           |      |                     |    |
           321.201  |   540 |           |      |                     |    |
           323.412  |   630 |           |      |                     |    |
           325.039  |   320 |           |      |                     |    |
           325.428  |   200 |           |      |                     |    |
                    |       |           |      |                     |    |
           326.011  |   200 |           |      |                     |    |
           326.966  |   190 |           |      |                     |    |
           328.273  | 320bl |           |      |                     |    |
           335.366  |   130 |           |      |                     |    |
           336.046  |   150 |           |      |                     |    |
                    |       |           |      |                     |    |
           337.059  |   150 |           |      |                     |    |
           341.466  |   380 |           |      |                     |    |
           344.736  |   600 |           |      |                     |    |
           345.591  |   200 |           |      |                     |    |
           347.119  |   600 |           |      |                     |    |
                    |       |           |      |                     |    |
           347.879  |   200 |           |      |                     |    |
           350.932  |  1000 |           |      |                     |    |
           351.960  |  2000 |           |      |                     |    |
           353.322  |   440 |           |      |                     |    |
           353.516  |   210 |           |      |                     |    |
                    |       |           |      |                     |    |
           354.768  |  1800 |           |      |                     |    |
           354.974  |   210 |           |      |                     |    |
           355.046  |   630 |           |      |                     |    |
           356.610  |  1100 |           |      |                     |    |
           356.888  |   210 |           |      |                     |    |
                    |       |           |      |                     |    |
           357.579  |  1100 |           |      |                     |    |
           358.629  |   880 |           |      |                     |    |
           360.119  |  3500 |           |      |                     |    |
           362.386  |  1100 |           |      |                     |    |
           363.415  |   320 |           |      |                     |    |
                    |       |           |      |                     |    |
           366.120  |   260 |           |      |                     |    |
           366.365  |  1100 |           |      |                     |    |
           376.439  |   480 |           |      |                     |    |
           376.672  |   480 |           |      |                     |    |
           378.054  |   720 |           |      |                     |    |
                    |       |           |      |                     |    |
           379.140  |   560 |           |      |                     |    |
           382.241  |   560 |           |      |                     |    |
           383.596  |  2200 |           |      |                     |    |
           384.701  |   550 |           |      |                     |    |
           384.925  |   550 |           |      |                     |    |
                    |       |           |      |                     |    |
           386.387  |  2900 |           |      |                     |    |
           386.434  |   770 |           |      |                     |    |
           387.760  |   990 |           |      |                     |    |
           387.905  |   200 |           |      |                     |    |
           388.542  |  1500 |           |      |                     |    |
                    |       |           |      |                     |    |
           389.032  |  2900 |           |      |                     |    |
           389.138  |  2000 |           |      |                     |    |
           390.052  |   400 |           |      |                     |    |
           392.179  |   610 |           |      |                     |    |
           392.953  |  1200 |           |      |                     |    |
                    |       |           |      |                     |    |
           396.666  |   490 |           |      |                     |    |
           396.826  |   990 |           |      |                     |    |
           397.350  |   660 |           |      |                     |    |
           397.529  |   200 |           |      |                     |    |
           398.160  |  200w |           |      |                     |    |
                    |       |           |      |                     |    |
           400.760  |   200 |           |      |                     |    |
           401.225  |   200 |           |      |                     |    |
           402.398  |   400 |           |      |                     |    |
           402.492  |   770 |           |      |                     |    |
           402.720  |   990 |           |      |                     |    |
                    |       |           |      |                     |    |
           402.895  |   240 |           |      |                     |    |
           403.004  |   490 |           |      |                     |    |
           403.589  |   400 |           |      |                     |    |
           404.222  |   240 |           |      |                     |    |
           404.358  |   610 |           |      |                     |    |
                    |       |           |      |                     |    |
           404.456  |   490 |           |      |                     |    |
           405.048  |   200 |           |      |                     |    |
           405.503  |   770 |           |      |                     |    |
           405.571  |   600 |           |      |                     |    |
           406.153  |   330 |           |      |                     |    |
                    |       |           |      |                     |    |
           406.416  |  1500 |           |      |                     |    |
           407.270  |  2000 |           |      |                     |    |
           407.493  |   310 |           |      |                     |    |
           407.653  |   200 |           |      |                     |    |
           407.831  |   240 |           |      |                     |    |
                    |       |           |      |                     |    |
           408.122  |  2000 |           |      |                     |    |
           410.840  |   200 |           |      |                     |    |
           412.146  |   400 |           |      |                     |    |
           415.264  |   200 |           |      |                     |    |
           416.636  |   400 |           |      |                     |    |
                    |       |           |      |                     |    |
           418.332  |   200 |           |      |                     |    |
           418.756  |   660 |           |      |                     |    |
           419.476  |   400 |           |      |                     |    |
           419.909  |   610 |           |      |                     |    |
           420.146  |   610 |           |      |                     |    |
                    |       |           |      |                     |    |
           421.386  |   400 |           |      |                     |    |
           422.776  |  2000 |           |      |                     |    |
           423.606  |   200 |           |      |                     |    |
           423.931  |  2000 |           |      |                     |    |
           424.034  |   770 |           |      |                     |    |
                    |       |           |      |                     |    |
           424.120  |   770 |           |      |                     |    |
           424.169  |  1200 |           |      |                     |    |
           426.802  |   310 |           |      |                     |    |
           428.220  |   550 |           |      |                     |    |
           429.479  |   550 |           |      |                     |    |
                    |       |           |      |                     |    |
           430.289  |   310 |           |      |                     |    |
           434.113  |   550 |           |      |                     |    |
           434.789  |  1000 |           |      |                     |    |
           436.081  |   310 |           |      |                     |    |
           436.645  |   350 |           |      |                     |    |
                    |       |           |      |                     |    |
           441.304  |   190 |           |      |                     |    |
           442.046  |   240 |           |      |                     |    |
           442.724  |   120 |           |      |                     |    |
           443.149  |   160 |           |      |                     |    |
           445.743  |   110 |           |      |                     |    |
                    |       |           |      |                     |    |
           446.691  |   110 |           |      |                     |    |
           447.031  |   110 |           |      |                     |    |
           447.056  |   190 |           |      |                     |    |
           450.712  |   550 |           |      |                     |    |
           453.575  |   610 |           |      |                     |    |
                    |       |           |      |                     |    |
           454.222  |   490 |           |      |                     |    |
           455.301  |   200 |           |      |                     |    |
           455.513  |   200 |           |      |                     |    |
           455.552  |   140 |           |      |                     |    |
           457.552  |   490 |           |      |                     |    |
                    |       |           |      |                     |    |
           458.229  |   100 |           |      |                     |    |
           459.055  |   140 |           |      |                     |    |
           460.257  |   350 |           |      |                     |    |
           460.442  |   140 |           |      |                     |    |
           462.641  |   210 |           |      |                     |    |
                    |       |           |      |                     |    |
           463.398  |   700 |           |      |                     |    |
           464.483  |   210 |           |      |                     |    |
           468.342  |   260 |           |      |                     |    |
           468.780  |  2300 |           |      |                     |    |
           468.845  |   510 |           |      |                     |    |
                    |       |           |      |                     |    |
           470.779  |   110 |           |      |                     |    |
           471.008  |  1900 |           |      |                     |    |
           471.192  |   160 |           |      |                     |    |
           471.762  |   120 |           |      |                     |    |
           471.912  |   210 |           |      |                     |    |
                    |       |           |      |                     |    |
           473.233  |   300 |           |      |                     |    |
           473.948  |  1400 |           |      |                     |    |
           476.278  |   190 |           |      |                     |    |
           477.231  |   870 |           |      |                     |    |
           478.492  |   210 |           |      |                     |    |
                    |       |           |      |                     |    |
           478.867  |   160 |           |      |                     |    |
           480.587  |   260 |           |      |                     |    |
           480.947  |   140 |           |      |                     |    |
           481.504  |   190 |           |      |                     |    |
           481.563  |   700 |           |      |                     |    |
                    |       |           |      |                     |    |
           482.429  |   280 |           |      |                     |    |
           482.804  |   190 |           |      |                     |    |
           483.878  |   110 |           |      |                     |    |
           485.136  |   210 |           |      |                     |    |
           486.606  |   160 |           |      |                     |    |
                    |       |           |      |                     |    |
           488.124  |   110 |           |      |                     |    |
           488.360  |   110 |           |      |                     |    |
           499.476  |   100 |           |      |                     |    |
           501.146  |    30 |           |      |                     |    |
           504.658  |   250 |           |      |                     |    |
                    |       |           |      |                     |    |
           506.039  |    85 |           |      |                     |    |
           506.491  |   360 |           |      |                     |    |
           506.522  |   110 |           |      |                     |    |
           507.026  |   100 |           |      |                     |    |
           507.398  |    75 |           |      |                     |    |
                    |       |           |      |                     |    |
           507.825  |   470 |           |      |                     |    |
           508.526  |    85 |           |      |                     |    |
           511.524  |   140 |           |      |                     |    |
           512.042  |    50 |           |      |                     |    |
           513.340  |    85 |           |      |                     |    |
                    |       |           |      |                     |    |
           515.545  |   300 |           |      |                     |    |
           515.800  |   200 |           |      |                     |    |
           515.867  |    35 |           |      |                     |    |
           516.099  |    75 |           |      |                     |    |
           516.596  |    85 |           |      |                     |    |
                    |       |           |      |                     |    |
           517.899  |    17 |           |      |                     |    |
           518.370  |   100 |           |      |                     |    |
           518.703  |    30 |           |      |                     |    |
           520.115  |   100 |           |      |                     |    |
           520.930  |    85 |           |      |                     |    |
                    |       |           |      |                     |    |
           522.493  |    85 |           |      |                     |    |
           524.347  |    30 |           |      |                     |    |
           527.741  |   120 |           |      |                     |    |
           528.005  |    75 |           |      |                     |    |
           529.482  |    60 |           |      |                     |    |
                    |       |           |      |                     |    |
           529.679  |   120 |           |      |                     |    |
           530.197  |    60 |           |      |                     |    |
           531.140  |   110 |           |      |                     |    |
           532.126  |    25 |           |      |                     |    |
           533.084  |    22 |           |      |                     |    |
                    |       |           |      |                     |    |
           533.843  |    12 |           |      |                     |    |
           535.090  |    25 |           |      |                     |    |
           535.192  |    25 |           |      |                     |    |
           536.256  |    75 |           |      |                     |    |
           536.335  |    12 |           |      |                     |    |
                    |       |           |      |                     |    |
           536.939  |    17 |           |      |                     |    |
           538.237  |    20 |           |      |                     |    |
           538.514  |   270 |           |      |                     |    |
           538.665  |    30 |           |      |                     |    |
           539.118  |    17 |           |      |                     |    |
                    |       |           |      |                     |    |
           539.588  |    17 |           |      |                     |    |
           540.513  |    25 |           |      |                     |    |
           540.762  |    85 |           |      |                     |    |
           541.393  |    17 |           |      |                     |    |
           542.186  |    20 |           |      |                     |    |
                    |       |           |      |                     |    |
           542.636  |    15 |           |      |                     |    |
           542.842  |    25 |           |      |                     |    |
           543.776  |    25 |           |      |                     |    |
           544.041  |    15 |           |      |                     |    |
           544.857  |    35 |           |      |                     |    |
                    |       |           |      |                     |    |
           547.492  |    10 |           |      |                     |    |
           547.740  |    10 |           |      |                     |    |
           547.833  |    35 |           |      |                     |    |
           548.083  |    35 |           |      |                     |    |
           548.116  |    10 |           |      |                     |    |
                    |       |           |      |                     |    |
           548.609  |    30 |           |      |                     |    |
           550.212  |   140 |           |      |                     |    |
           550.787  |    25 |           |      |                     |    |
           551.711  |    30 |           |      |                     |    |
           551.805  |    10 |           |      |                     |    |
                    |       |           |      |                     |    |
           552.841  |    75 |           |      |                     |    |
           553.230  |    20 |           |      |                     |    |
           553.746  |    45 |           |      |                     |    |
           554.532  |    50 |           |      |                     |    |
           561.211  |    12 |           |      |                     |    |
                    |       |           |      |                     |    |
           562.014  |   120 |           |      |                     |    |
           562.353  |    35 |           |      |                     |    |
           566.451  |   160 |           |      |                     |    |
           566.628  |    20 |           |      |                     |    |
           568.090  |   120 |           |      |                     |    |
                    |       |           |      |                     |    |
           568.542  |    15 |           |      |                     |    |
           570.889  |    30 |           |      |                     |    |
           573.570  |   120 |           |      |                     |    |
           579.774  |   160 |           |      |                     |    |
           584.732  |    30 |           |      |                     |    |
                    |       |           |      |                     |    |
           586.827  |    50 |           |      |                     |    |
           586.950  |   110 |           |      |                     |    |
           587.980  |   340 |           |      |                     |    |
           588.562  |    85 |           |      |                     |    |
           590.109  |    50 |           |      |                     |    |
                    |       |           |      |                     |    |
           592.513  |   140 |           |      |                     |    |
           593.520  |   100 |           |      |                     |    |
           595.535  |   110 |           |      |                     |    |
           598.423  |   100 |           |      |                     |    |
           599.537  |    17 |           |      |                     |    |
                    |       |           |      |                     |    |
           600.105  |    50 |           |      |                     |    |
           602.536  |    30 |           |      |                     |    |
           603.261  |    85 |           |      |                     |    |
           604.585  |   170 |           |      |                     |    |
           604.924  |   100 |           |      |                     |    |
                    |       |           |      |                     |    |
           606.284  |   140 |           |      |                     |    |
           612.083  |    50 |           |      |                     |    |
           612.191  |   170 |           |      |                     |    |
           612.484  |    85 |           |      |                     |    |
           612.744  |   680 |           |      |                     |    |
                    |       |           |      |                     |    |
           613.455  |   340 |           |      |                     |    |
           614.046  |   100 |           |      |                     |    |
           614.320  |   440 |           |      |                     |    |
           615.561  |    30 |           |      |                     |    |
           615.771  |    75 |           |      |                     |    |
                    |       |           |      |                     |    |
           616.020  |    25 |           |      |                     |    |
           618.940  |    35 |           |      |                     |    |
           619.296  |    60 |           |      |                     |    |
           621.305  |    85 |           |      |                     |    |
           621.469  |   100 |           |      |                     |    |
                    |       |           |      |                     |    |
           625.726  |   100 |           |      |                     |    |
           626.706  |    35 |           |      |                     |    |
           629.966  |   120 |           |      |                     |    |
           630.434  |    15 |           |      |                     |    |
           631.302  |   300 |           |      |                     |    |
                    |       |           |      |                     |    |
           631.471  |    30 |           |      |                     |    |
           632.135  |    50 |           |      |                     |    |
           634.036  |    22 |           |      |                     |    |
           634.522  |    75 |           |      |                     |    |
           640.700  |    35 |           |      |                     |    |
                    |       |           |      |                     |    |
           642.617  |    12 |           |      |                     |    |
           643.433  |    35 |           |      |                     |    |
           644.574  |    60 |           |      |                     |    |
           645.162  |    20 |           |      |                     |    |
           645.763  |    20 |           |      |                     |    |
                    |       |           |      |                     |    |
           647.021  |   110 |           |      |                     |    |
           648.435  |    11 |           |      |                     |    |
           648.964  |   110 |           |      |                     |    |
           649.310  |    22 |           |      |                     |    |
           650.326  |    50 |           |      |                     |    |
                    |       |           |      |                     |    |
           650.636  |    50 |           |      |                     |    |
           655.054  |    35 |           |      |                     |    |
           656.943  |    30 |           |      |                     |    |
           657.656  |    20 |           |      |                     |    |
           659.199  |    50 |           |      |                     |    |
                    |       |           |      |                     |    |
           659.671  |    10 |           |      |                     |    |
           659.884  |    10 |           |      |                     |    |
           660.327  |    50 |           |      |                     |    |
           662.056  |    15 |           |      |                     |    |
           668.818  |    22 |           |      |                     |    |
                    |       |           |      |                     |    |
           670.212  |    11 |           |      |                     |    |
           670.961  |    17 |           |      |                     |    |
           671.788  |    27 |           |      |                     |    |
           675.273  |    40 |           |      |                     |    |
           676.238  |    75 |           |      |                     |    |
                    |       |           |      |                     |    |
           676.916  |    85 |           |      |                     |    |
           677.289  |    27 |           |      |                     |    |
           679.085  |    35 |           |      |                     |    |
           682.878  |    45 |           |      |                     |    |
           683.289  |    45 |           |      |                     |    |
                    |       |           |      |                     |    |
           684.533  |    13 |           |      |                     |    |
           684.634  |    17 |           |      |                     |    |
           684.697  |   100 |           |      |                     |    |
           684.926  |    27 |           |      |                     |    |
           685.256  |    13 |           |      |                     |    |
                    |       |           |      |                     |    |
           688.829  |   120 |           |      |                     |    |
           690.059  |    29 |           |      |                     |    |
           690.436  |    20 |           |      |                     |    |
           690.737  |    29 |           |      |                     |    |
           691.687  |    20 |           |      |                     |    |
                    |       |           |      |                     |    |
           693.238  |    16 |           |      |                     |    |
           694.846  |    29 |           |      |                     |    |
           695.384  |   150 |           |      |                     |    |
           696.644  |    60 |           |      |                     |    |
           697.591  |    10 |           |      |                     |    |
                    |       |           |      |                     |    |
           699.084  |   150 |           |      |                     |    |
           699.432  |    80 |           |      |                     |    |
           700.546  |    10 |           |      |                     |    |
           702.740  |   100 |           |      |                     |    |
           705.736  |    25 |           |      |                     |    |
                    |       |           |      |                     |    |
           705.796  |    14 |           |      |                     |    |
           708.730  |   140 |           |      |                     |    |
           708.943  |    25 |           |      |                     |    |
           709.446  |    35 |           |      |                     |    |
           709.559  |    50 |           |      |                     |    |
                    |       |           |      |                     |    |
           709.770  |   540 |           |      |                     |    |
           710.291  |   280 |           |      |                     |    |
           710.372  |   170 |           |      |                     |    |
           711.168  |   140 |           |      |                     |    |
           711.282  |    40 |           |      |                     |    |
                    |       |           |      |                     |    |
           711.352  |    18 |           |      |                     |    |
           713.295  |    12 |           |      |                     |    |
           714.074  |    16 |           |      |                     |    |
           714.447  |    12 |           |      |                     |    |
           716.909  |   590 |           |      |                     |    |
                    |       |           |      |                     |    |
           720.162  |    50 |           |      |                     |    |
           725.817  |    12 |           |      |                     |    |
           726.476  |    35 |           |      |                     |    |
           730.621  |    20 |           |      |                     |    |
           731.162  |    25 |           |      |                     |    |
                    |       |           |      |                     |    |
           731.372  |    35 |           |      |                     |    |
           731.808  |    90 |           |      |                     |    |
           732.782  |    10 |           |      |                     |    |
           733.597  |    50 |           |      |                     |    |
           734.396  |    50 |           |      |                     |    |
                    |       |           |      |                     |    |
           737.350  |    20 |           |      |                     |    |
           738.363  |    25 |           |      |                     |    |
           740.090  |    14 |           |      |                     |    |
           741.139  |    10 |           |      |                     |    |
           742.275  |    10 |           |      |                     |    |
                    |       |           |      |                     |    |
           743.310  |    10 |           |      |                     |    |
           743.986  |   110 |           |      |                     |    |
           746.757  |    18 |           |      |                     |    |
           747.958  |    16 |           |      |                     |    |
           751.570  |   14w |           |      |                     |    |
                    |       |           |      |                     |    |
           751.795  |    12 |           |      |                     |    |
           754.062  |   20w |           |      |                     |    |
           754.459  |    20 |           |      |                     |    |
           755.146  |    29 |           |      |                     |    |
           755.470  |    40 |           |      |                     |    |
                    |       |           |      |                     |    |
           755.845  |    25 |           |      |                     |    |
           756.009  |    12 |           |      |                     |    |
           756.212  |    12 |           |      |                     |    |
           760.715  |    80 |           |      |                     |    |
           761.208  |    14 |           |      |                     |    |
                    |       |           |      |                     |    |
           762.117  |    20 |           |      |                     |    |
           765.860  |    29 |           |      |                     |    |
           769.083  |    18 |           |      |                     |    |
           770.427  |    14 |           |      |                     |    |
           770.842  |    10 |           |      |                     |    |
                    |       |           |      |                     |    |
           776.655  |    10 |           |      |                     |    |
           781.632  |    12 |           |      |                     |    |
           781.935  |   110 |           |      |                     |    |
           782.294  |    35 |           |      |                     |    |
           782.672  |    40 |           |      |                     |    |
                    |       |           |      |                     |    |
           784.935  |    90 |           |      |                     |    |
           786.999  |    35 |           |      |                     |    |
           787.625  |    14 |           |      |                     |    |
           788.218  |    16 |           |      |                     |    |
           789.798  |    10 |           |      |                     |    |
                    |       |           |      |                     |    |
           790.846  |    16 |           |      |                     |    |
           794.047  |    20 |           |      |                     |    |
           794.461  |   160 |           |      |                     |    |
           795.666  |    80 |           |      |                     |    |
           795.998  |    80 |           |      |                     |    |
                    |       |           |      |                     |    |
           796.363  |    20 |           |      |                     |    |
           800.527  |   160 |           |      |                     |    |
           804.605  |    25 |           |      |                     |    |
           805.306  |    16 |           |      |                     |    |
           805.529  |    20 |           |      |                     |    |
                    |       |           |      |                     |    |
           805.576  |    20 |           |      |                     |    |
           805.808  |    60 |           |      |                     |    |
           806.309  |   150 |           |      |                     |    |
           807.008  |   790 |           |      |                     |    |
           811.428  |    10 |           |      |                     |    |
                    |       |           |      |                     |    |
           812.017  |    20 |           |      |                     |    |
           813.299  |   390 |           |      |                     |    |
           815.258  |    20 |           |      |                     |    |
           818.877  |    12 |           |      |                     |    |
           819.473  |    40 |           |      |                     |    |
                    |       |           |      |                     |    |
           820.173  |    60 |           |      |                     |    |
           821.253  |   280 |           |      |                     |    |
           824.037  |    20 |           |      |                     |    |
           828.381  |    40 |           |      |                     |    |
           830.590  |   140 |           |      |                     |    |
                    |       |           |      |                     |    |
           833.244  |    14 |           |      |                     |    |
           837.023  |    50 |           |      |                     |    |
           838.941  |   120 |           |      |                     |    |
           841.400  |    70 |           |      |                     |    |
           845.317  |    50 |           |      |                     |    |
                    |       |           |      |                     |    |
           846.465  |    50 |           |      |                     |    |
           849.844  |    40 |           |      |                     |    |
           858.421  |    18 |           |      |                     |    |
           873.486  |    10 |           |      |                     |    |
           874.948  |    12 |           |      |                     |    |
                    |       |           |      |                     |    |
           878.623  |    10 |           |      |                     |    |
           880.498  |    16 |           |      |                     |    |
           883.609  |    70 |           |      |                     |    |
           889.952  |    60 |           |      |                     |    |